i	j	i_id	j_id	r_sco	s_sco	prob
14	39	14_T	39_D	0.3589	2.694	1.000
41	68	41_I	68_A	0.3417	2.566	1.000
4	8	4_W	8_A	0.3355	2.519	1.000
9	13	9_D	13_T	0.3044	2.286	1.000
45	65	45_T	65_S	0.2795	2.099	1.000
38	71	38_A	71_Y	0.2704	2.030	1.000
45	64	45_T	64_I	0.2646	1.986	1.000
62	66	62_W	66_T	0.2420	1.817	1.000
11	40	11_L	40_G	0.2363	1.774	1.000
74	78	74_Y	78_F	0.2347	1.762	1.000
81	99	81_T	99_R	0.2311	1.735	0.999
108	112	108_A	112_V	0.2252	1.690	0.999
7	10	7_Y	10_W	0.2216	1.663	0.999
13	16	13_T	16_L	0.2206	1.656	0.999
18	39	18_L	39_D	0.2186	1.641	0.999
42	46	42_M	46_G	0.2116	1.589	0.998
34	75	34_A	75_V	0.2097	1.575	0.998
45	61	45_T	61_W	0.2080	1.562	0.998
39	42	39_D	42_M	0.2068	1.553	0.998
63	67	63_A	67_A	0.2021	1.517	0.997
47	51	47_L	51_L	0.1831	1.375	0.993
49	113	49_G	113_W	0.1830	1.374	0.993
19	36	19_L	36_V	0.1823	1.369	0.993
13	39	13_T	39_D	0.1755	1.318	0.990
7	110	7_Y	110_P	0.1739	1.306	0.989
45	68	45_T	68_A	0.1720	1.291	0.988
81	85	81_T	85_E	0.1701	1.277	0.987
59	63	59_F	63_A	0.1638	1.230	0.982
100	104	100_N	104_V	0.1617	1.214	0.980
59	114	59_F	114_L	0.1615	1.213	0.980
52	57	52_T	57_Y	0.1605	1.205	0.979
106	109	106_W	109_Y	0.1593	1.196	0.978
40	44	40_G	44_G	0.1584	1.189	0.977
41	45	41_I	45_T	0.1580	1.186	0.976
89	92	89_P	92_A	0.1570	1.178	0.975
59	88	59_F	88_R	0.1567	1.176	0.975
9	14	9_D	14_T	0.1566	1.176	0.975
105	108	105_L	108_A	0.1552	1.165	0.973
95	99	95_F	99_R	0.1522	1.143	0.968
14	42	14_T	42_M	0.1508	1.132	0.966
59	62	59_F	62_W	0.1499	1.126	0.965
84	88	84_A	88_R	0.1495	1.123	0.964
93	97	93_S	97_V	0.1477	1.109	0.960
9	109	9_D	109_Y	0.1470	1.104	0.959
16	20	16_L	20_D	0.1467	1.102	0.959
57	60	57_Y	60_V	0.1461	1.097	0.957
71	75	71_Y	75_V	0.1447	1.086	0.954
101	105	101_V	105_L	0.1438	1.080	0.952
26	30	26_D	30_G	0.1438	1.080	0.952
91	98	91_V	98_L	0.1434	1.077	0.951
94	112	94_T	112_V	0.1425	1.070	0.949
77	103	77_F	103_V	0.1416	1.063	0.947
85	92	85_E	92_A	0.1414	1.062	0.946
69	73	69_M	73_L	0.1413	1.061	0.946
14	46	14_T	46_G	0.1398	1.049	0.942
18	27	18_L	27_A	0.1398	1.049	0.942
78	82	78_F	82_S	0.1390	1.044	0.940
44	48	44_G	48_V	0.1388	1.042	0.939
88	91	88_R	91_V	0.1387	1.041	0.938
4	113	4_W	113_W	0.1386	1.040	0.938
53	70	53_K	70_L	0.1383	1.039	0.938
49	62	49_G	62_W	0.1365	1.025	0.932
41	64	41_I	64_I	0.1364	1.024	0.931
20	102	20_D	102_T	0.1319	0.990	0.915
14	106	14_T	106_W	0.1306	0.980	0.910
93	96	93_S	96_K	0.1305	0.979	0.909
6	9	6_R	9_D	0.1303	0.979	0.909
5	113	5_A	113_W	0.1297	0.974	0.906
20	50	20_D	50_A	0.1288	0.967	0.902
10	46	10_W	46_G	0.1284	0.964	0.900
23	55	23_L	55_Y	0.1277	0.959	0.897
25	80	25_V	80_F	0.1255	0.942	0.886
58	63	58_R	63_A	0.1250	0.939	0.884
80	95	80_F	95_F	0.1238	0.930	0.877
79	112	79_G	112_V	0.1223	0.918	0.868
9	20	9_D	20_D	0.1223	0.918	0.868
111	115	111_V	115_I	0.1219	0.915	0.866
92	96	92_A	96_K	0.1210	0.909	0.861
13	20	13_T	20_D	0.1209	0.908	0.860
50	113	50_A	113_W	0.1201	0.901	0.854
31	75	31_T	75_V	0.1199	0.900	0.854
62	95	62_W	95_F	0.1188	0.892	0.847
56	63	56_S	63_A	0.1183	0.888	0.843
33	41	33_L	41_I	0.1177	0.884	0.839
106	110	106_W	110_P	0.1175	0.882	0.838
9	106	9_D	106_W	0.1172	0.880	0.836
10	15	10_W	15_P	0.1169	0.878	0.834
8	110	8_A	110_P	0.1165	0.875	0.831
62	65	62_W	65_S	0.1164	0.874	0.830
42	110	42_M	110_P	0.1162	0.873	0.829
1	118	1_P	118_E	0.1156	0.868	0.824
3	98	3_Y	98_L	0.1152	0.865	0.821
43	46	43_I	46_G	0.1149	0.863	0.819
14	105	14_T	105_L	0.1134	0.851	0.807
94	97	94_T	97_V	0.1127	0.846	0.801
75	81	75_V	81_T	0.1125	0.844	0.799
58	61	58_R	61_W	0.1120	0.841	0.796
76	103	76_L	103_V	0.1119	0.840	0.795
34	77	34_A	77_F	0.1119	0.840	0.795
3	112	3_Y	112_V	0.1112	0.835	0.789
22	32	22_A	32_I	0.1110	0.833	0.787
38	52	38_A	52_T	0.1108	0.832	0.786
13	42	13_T	42_M	0.1107	0.831	0.785
42	65	42_M	65_S	0.1107	0.831	0.785
46	110	46_G	110_P	0.1106	0.831	0.785
21	101	21_L	101_V	0.1104	0.829	0.782
12	16	12_F	16_L	0.1104	0.829	0.782
16	19	16_L	19_L	0.1103	0.828	0.781
42	72	42_M	72_I	0.1103	0.828	0.781
10	110	10_W	110_P	0.1094	0.821	0.773
32	36	32_I	36_V	0.1093	0.821	0.773
14	20	14_T	20_D	0.1083	0.813	0.763
22	35	22_A	35_L	0.1076	0.807	0.756
55	60	55_Y	60_V	0.1067	0.801	0.748
8	48	8_A	48_V	0.1061	0.796	0.741
35	72	35_L	72_I	0.1060	0.796	0.741
9	16	9_D	16_L	0.1058	0.795	0.740
70	111	70_L	111_V	0.1056	0.793	0.738
5	48	5_A	48_V	0.1052	0.790	0.734
46	65	46_G	65_S	0.1051	0.789	0.732
96	99	96_K	99_R	0.1050	0.789	0.732
54	60	54_V	60_V	0.1049	0.787	0.730
51	63	51_L	63_A	0.1046	0.785	0.727
64	81	64_I	81_T	0.1040	0.781	0.721
14	18	14_T	18_L	0.1029	0.773	0.710
86	89	86_S	89_P	0.1027	0.771	0.707
33	37	33_L	37_G	0.1026	0.771	0.707
23	28	23_L	28_D	0.1026	0.770	0.706
73	103	73_L	103_V	0.1025	0.769	0.705
77	99	77_F	99_R	0.1023	0.768	0.703
61	65	61_W	65_S	0.1023	0.768	0.703
35	75	35_L	75_V	0.1019	0.765	0.699
18	32	18_L	32_I	0.1019	0.765	0.699
54	61	54_V	61_W	0.1010	0.758	0.689
79	103	79_G	103_V	0.1009	0.758	0.689
51	58	51_L	58_R	0.1007	0.756	0.686
14	43	14_T	43_I	0.1005	0.755	0.684
13	17	13_T	17_L	0.1005	0.755	0.684
69	107	69_M	107_S	0.1000	0.751	0.678
86	95	86_S	95_F	0.0995	0.747	0.672
19	100	19_L	100_N	0.0994	0.746	0.671
10	42	10_W	42_M	0.0993	0.746	0.671
30	69	30_G	69_M	0.0991	0.744	0.668
62	68	62_W	68_A	0.0989	0.743	0.666
69	103	69_M	103_V	0.0987	0.741	0.663
66	107	66_T	107_S	0.0985	0.740	0.662
84	87	84_A	87_M	0.0985	0.739	0.660
21	105	21_L	105_L	0.0982	0.737	0.657
2	50	2_I	50_A	0.0977	0.733	0.651
88	93	88_R	93_S	0.0976	0.733	0.651
41	62	41_I	62_W	0.0973	0.730	0.646
52	58	52_T	58_R	0.0972	0.730	0.646
27	95	27_A	95_F	0.0971	0.729	0.645
1	4	1_P	4_W	0.0970	0.728	0.643
7	15	7_Y	15_P	0.0969	0.728	0.643
19	37	19_L	37_G	0.0962	0.722	0.634
29	94	29_Q	94_T	0.0961	0.721	0.632
83	93	83_K	93_S	0.0959	0.720	0.631
25	69	25_V	69_M	0.0958	0.719	0.629
82	85	82_S	85_E	0.0956	0.718	0.628
67	71	67_A	71_Y	0.0955	0.717	0.626
60	63	60_V	63_A	0.0954	0.716	0.624
81	96	81_T	96_K	0.0949	0.713	0.620
108	115	108_A	115_I	0.0947	0.711	0.616
28	91	28_D	91_V	0.0941	0.707	0.610
53	82	53_K	82_S	0.0938	0.704	0.605
3	117	3_Y	117_S	0.0937	0.704	0.605
91	95	91_V	95_F	0.0935	0.702	0.602
35	91	35_L	91_V	0.0932	0.699	0.597
33	88	33_L	88_R	0.0931	0.699	0.597
16	49	16_L	49_G	0.0929	0.698	0.595
6	110	6_R	110_P	0.0929	0.697	0.593
35	80	35_L	80_F	0.0927	0.696	0.592
53	64	53_K	64_I	0.0926	0.695	0.590
87	90	87_M	90_E	0.0920	0.691	0.584
38	68	38_A	68_A	0.0909	0.683	0.570
70	75	70_L	75_V	0.0908	0.682	0.569
88	98	88_R	98_L	0.0907	0.681	0.567
105	112	105_L	112_V	0.0907	0.681	0.567
13	46	13_T	46_G	0.0906	0.680	0.565
96	100	96_K	100_N	0.0903	0.678	0.562
5	116	5_A	116_G	0.0900	0.675	0.557
