8.394770000000000287e-01 8.777430000000000510e-01 5.742279999999999607e-01
7.934179999999999566e-01 9.312595000000000178e-01 4.395224999999999826e-01
9.475545000000001883e-01 7.877890833333331955e-01 3.064833333333333854e-01
9.426925263157897028e-01 8.027693684210525094e-01 2.958161931578947579e-01
8.775906129032258196e-01 8.501006129032258052e-01 3.540571616129031818e-01
8.095287058823529280e-01 9.093584117647057763e-01 4.497577778431371964e-01
9.119115185185185934e-01 8.204769444444445226e-01 3.738992161111110990e-01
9.380123333333333369e-01 7.967173684210526741e-01 2.421440354385964722e-01
9.231720175438595799e-01 8.101449473684211311e-01 3.013580763157894804e-01
9.669892982456140818e-01 7.744840877192983308e-01 1.776192105263157961e-01
7.829255614035088850e-01 9.253132105263157658e-01 5.197935614035087415e-01
9.376926842105263171e-01 8.027128421052631690e-01 2.514730354385964484e-01
9.092911578947370232e-01 8.282358070175439568e-01 3.057012224561403424e-01
7.875275762711864136e-01 9.196292033898302298e-01 5.028226271186441165e-01
8.012236779661017216e-01 9.181957796610168421e-01 4.566437232203389152e-01
9.408212978723405895e-01 7.985183404255320472e-01 2.420730004255318701e-01
8.883133043478261825e-01 8.418787826086958637e-01 3.949759130434782328e-01
8.237192666666668384e-01 8.902024666666668029e-01 4.794604333333334356e-01
9.624425333333331833e-01 7.724393333333334777e-01 2.344668223333333246e-01
8.586898852459013964e-01 8.747687213114755389e-01 3.585055683606556687e-01
9.424699206349205216e-01 7.918230158730159562e-01 2.697024128571429147e-01
9.365483917525774249e-01 8.036106288659794483e-01 2.770622305154639142e-01
9.195847063492065265e-01 8.180247777777780449e-01 2.873444738888888406e-01
8.154408244274808926e-01 9.097943206106869907e-01 4.175296489312977366e-01
9.377419490445860761e-01 7.979259681528662052e-01 2.671306434394903895e-01
8.380894904458596750e-01 9.008662802547768855e-01 3.485491424203820965e-01
9.368127733333333484e-01 8.011112400000001132e-01 2.395162759333333280e-01
9.380780047393365573e-01 8.004098815165877623e-01 2.490708264928909732e-01
8.465803333333333791e-01 8.944788447488583039e-01 3.231538312785388056e-01
8.469254027149322184e-01 8.792199773755655645e-01 3.943629323076923154e-01
9.026211730769230224e-01 8.290682192307691212e-01 3.281136285384615436e-01
8.888394946619216919e-01 8.422105765124554555e-01 3.355318688612098921e-01
8.512775813148789616e-01 8.755716297577854634e-01 3.903893796193771415e-01
9.205081345646437541e-01 8.188817810026384203e-01 2.952192772559366629e-01
8.375192363184079669e-01 8.883088383084577488e-01 4.029698981592039764e-01
9.175674516129030955e-01 8.202424153225806869e-01 3.161110445766129318e-01
9.272626356877323728e-01 8.095770334572490734e-01 2.628701756877323548e-01
9.149181171303075732e-01 8.179992811127378971e-01 2.912909963543192093e-01
9.248249763313609595e-01 8.127895727810651172e-01 2.943440329349112372e-01
9.027655503282276950e-01 8.302698884026259440e-01 2.958969467177242629e-01
9.294800729483283508e-01 8.059572249240121167e-01 2.726915220364741765e-01
9.343409755142018103e-01 8.032060901077374693e-01 2.378177949363369237e-01
7.973835212064089850e-01 9.208293685202639800e-01 4.700734775494816442e-01
9.177083861293345857e-01 8.237691902530459576e-01 2.229017414058106772e-01
9.276497925233645470e-01 8.114511766355140265e-01 2.481046863831775084e-01
8.279956694444445819e-01 8.880987879629630433e-01 5.116878416944443675e-01
8.123471245387453576e-01 9.340237306273062590e-01 3.385906442250922188e-01
9.381425776892431401e-01 8.010074721115537644e-01 2.264368770517928287e-01
8.492990184331796755e-01 8.777615465437788034e-01 3.884884588755760371e-01
8.059994072022159672e-01 9.289451265004616820e-01 3.940011812927053936e-01
9.692554744455161853e-01 7.591143992285436237e-01 2.152344378399228542e-01
9.115585578034681724e-01 8.234412928709056168e-01 2.741431268786126974e-01
9.638412753488372342e-01 7.710400204651162159e-01 2.203951061488371999e-01
9.400718510242085380e-01 8.032562914338919891e-01 2.534355029608938437e-01
9.515145723873442707e-01 7.844230651965483636e-01 2.773933677085330118e-01
9.379043996175908671e-01 8.073485869980878693e-01 3.285915660229445368e-01
8.742400719557196220e-01 8.626654778597785400e-01 3.172439521586715161e-01
7.799210064456721936e-01 9.262181058931860944e-01 5.247652559852669096e-01
9.437635165441177199e-01 7.942265220588234920e-01 3.129263925183823347e-01
8.702747784926470054e-01 8.573118428308823535e-01 3.704681149172794341e-01
9.419564260789714538e-01 7.955614012855830586e-01 2.460185476584021702e-01
9.613969595959598324e-01 7.793037116620753491e-01 1.878127107897153147e-01
7.892342384473196581e-01 9.312661617375229683e-01 4.603127227356746398e-01
9.284221752767527480e-01 8.135260922509224280e-01 2.095574952767527976e-01
9.083003286991063741e-01 8.293574796425025042e-01 3.032330628599801403e-01
8.069597994269341878e-01 9.068879799426933230e-01 4.969558561127027652e-01
7.987875693779903363e-01 9.234035933014353992e-01 4.558867649186603144e-01
9.206969776951672291e-01 8.193835473977694184e-01 2.601145755111524127e-01
9.138422970588235827e-01 8.215335107843138029e-01 3.130360724901960490e-01
8.175207947310647594e-01 9.062723765093304573e-01 4.316944654555433525e-01
9.177406218787158565e-01 8.205693198573127400e-01 3.373808709036860698e-01
8.849311332436071709e-01 8.480792489905786269e-01 3.310082881830416768e-01
9.278042980392157135e-01 8.069805352941176180e-01 2.730865493333333172e-01
9.012373251366119220e-01 8.340742076502732916e-01 3.479137287431693926e-01
9.213279924242424590e-01 8.154505511363635550e-01 2.741882464204545844e-01
9.310582064516127465e-01 8.059537393548386053e-01 2.547792168258063983e-01
8.324161049382715616e-01 8.889415524691358650e-01 4.161001777160493464e-01
9.326026287726358888e-01 8.049221649899395148e-01 3.257092282193159161e-01
9.335698060428849754e-01 8.009180428849902444e-01 2.496364187914230093e-01
9.295795309477757895e-01 8.056871479690522753e-01 2.689307040232108426e-01
9.306793950143817939e-01 8.055843269415149388e-01 2.531985127420901538e-01
8.039724369668246329e-01 9.086134985781989526e-01 4.809969337061610895e-01
9.352709065420561352e-01 8.028096121495326143e-01 2.293594609532710049e-01
9.245566669750231448e-01 8.120460240518039274e-01 2.737158485476410275e-01
8.060974675925924871e-01 9.171275500000000136e-01 4.606074444629629783e-01
7.993264976744185457e-01 9.179786074418605502e-01 4.695973860930232058e-01
9.294418007448790320e-01 8.090782877094971903e-01 2.498689589944134426e-01
9.164324821092280082e-01 8.200083182674199334e-01 2.826499465348399354e-01
8.236603274087932469e-01 8.966109887745555840e-01 4.639009990926098448e-01
9.602801154598827882e-01 7.699490802348335494e-01 2.303582554696673446e-01
8.951911525773195155e-01 8.354628360824742916e-01 3.364045375773195845e-01
9.561453948667325564e-01 7.796211006910167551e-01 2.421722843731490271e-01
9.380519846311475840e-01 8.039317428278687228e-01 2.677795892213114537e-01
9.606287587511826986e-01 7.729408174077576632e-01 2.372158405676443038e-01
9.374243141210375496e-01 8.071178482228625883e-01 3.163200314889529352e-01
9.118719274418604082e-01 8.249595776744185205e-01 2.503430277488372102e-01
7.817457099165894263e-01 9.257622493049119106e-01 5.148905597775718102e-01
9.473241341350602251e-01 7.897901396854762890e-01 2.884325581776133185e-01
8.269372184014869287e-01 9.109237834572491144e-01 3.598505202323419860e-01
9.480684498141264127e-01 7.895339256505575776e-01 2.292807895631970017e-01
9.580483435754192367e-01 7.825052551210428531e-01 1.985699323836126462e-01
8.126104048507462041e-01 9.304782705223879624e-01 3.495399568190298289e-01
8.451455221489161396e-01 8.748352431668238172e-01 3.991149509707822562e-01
9.235234336198663296e-01 8.143011843361986912e-01 2.691687865425023696e-01
8.100248522837707466e-01 9.124471817298349663e-01 4.496837049465500225e-01
8.076097969230769946e-01 9.141823661538461820e-01 4.633895053128204711e-01
9.082772564102563617e-01 8.271722081447963060e-01 2.997522518552035997e-01
8.957474666666668250e-01 8.296123999999999166e-01 4.060918446666666459e-01
