108
	  1	 -1.000
	  3	 -1.000
	  5	  1.000
	  7	 -1.000
	  11	 -1.000
	  16	  1.000
	  22	 -1.000
	  23	 -1.000
	  28	  1.000
	  43	 -1.000
	  45	 -1.000
	  47	  1.000
	  49	 -1.000
	  53	 -1.000
	  58	  1.000
	  64	 -1.000
	  65	 -1.000
	  70	  1.000
	  85	 -1.000
	  87	 -1.000
	  89	  1.000
	  91	 -1.000
	  95	 -1.000
	  100	  1.000
	  106	 -1.000
	  107	 -1.000
	  112	  1.000
	  127	 -1.000
	  129	 -1.000
	  131	  1.000
	  133	 -1.000
	  137	 -1.000
	  142	  1.000
	  148	 -1.000
	  149	 -1.000
	  154	  1.000
	  169	 -1.000
	  171	 -1.000
	  173	  1.000
	  175	 -1.000
	  179	 -1.000
	  184	  1.000
	  190	 -1.000
	  191	 -1.000
	  196	  1.000
	  211	 -1.000
	  213	 -1.000
	  215	  1.000
	  217	 -1.000
	  221	 -1.000
	  226	  1.000
	  232	 -1.000
	  233	 -1.000
	  238	  1.000
	  253	 -1.000
	  255	 -1.000
	  257	  1.000
	  259	 -1.000
	  263	 -1.000
	  268	  1.000
	  274	 -1.000
	  275	 -1.000
	  280	  1.000
	  295	 -1.000
	  297	 -1.000
	  299	  1.000
	  301	 -1.000
	  305	 -1.000
	  310	  1.000
	  316	 -1.000
	  317	 -1.000
	  322	  1.000
	  337	 -1.000
	  339	 -1.000
	  341	  1.000
	  343	 -1.000
	  347	 -1.000
	  352	  1.000
	  358	 -1.000
	  359	 -1.000
	  364	  1.000
	  379	 -1.000
	  381	 -1.000
	  383	  1.000
	  385	 -1.000
	  389	 -1.000
	  394	  1.000
	  400	 -1.000
	  401	 -1.000
	  406	  1.000
	  421	 -1.000
	  423	 -1.000
	  425	  1.000
	  427	 -1.000
	  431	 -1.000
	  436	  1.000
	  442	 -1.000
	  443	 -1.000
	  448	  1.000
	  463	 -1.000
	  465	 -1.000
	  467	  1.000
	  469	 -1.000
	  473	 -1.000
	  478	  1.000
	  484	 -1.000
	  485	 -1.000
	  490	  1.000
