3.64
0.50
3.63
-1.71
1.81
0.11
3.64
0.46
1.15
-0.71
3.63
-0.46
0.11
0.11
0.77
2.80
-1.25
-0.46
-1.71
-1.71
0.50
3.63
3.64
-0.46
1.15
0.46
0.85
2.80
1.15
0.50
-1.12
-1.12
1.15
-1.25
-0.67
-0.46
1.15
1.15
-0.46
-0.46
-1.12
0.50
3.64
0.50
3.63
-1.71
1.81
0.11
3.64
0.46
1.15
-0.71
3.63
-0.46
0.11
0.11
0.77
2.80
-1.25
-0.46
-1.71
-1.71
0.50
3.63
3.64
-0.46
1.15
0.46
0.85
2.80
1.15
0.50
-1.12
-1.12
1.15
-1.25
-0.67
-0.46
1.15
1.15
-0.46
-0.46
-1.12
0.50
3.64
0.50
3.63
-1.71
1.81
0.11
3.64
0.46
1.15
-0.71
3.63
-0.46
0.11
0.11
0.77
2.80
-1.25
-0.46
-1.71
-1.71
0.50
3.63
3.64
-0.46
1.15
0.46
0.85
2.80
1.15
0.50
-1.12
-1.12
1.15
-1.25
-0.67
-0.46
1.15
1.15
-0.46
-0.46
-1.12
0.50
3.64
0.50
3.63
-1.71
1.81
0.11
3.64
0.46
1.15
-0.71
3.63
-0.46
0.11
0.11
0.77
2.80
-1.25
-0.46
-1.71
-1.71
0.50
3.63
3.64
-0.46
1.15
0.46
0.85
2.80
1.15
0.50
-1.12
-1.12
1.15
-1.25
-0.67
-0.46
1.15
1.15
-0.46
-0.46
-1.12
0.50
3.64
0.50
3.63
-1.71
1.81
0.11
3.64
0.46
1.15
-0.71
3.63
-0.46
0.11
0.11
0.77
2.80
-1.25
-0.46
-1.71
-1.71
0.50
3.63
3.64
-0.46
1.15
0.46
0.85
2.80
1.15
0.50
-1.12
-1.12
1.15
-1.25
-0.67
-0.46
1.15
1.15
-0.46
-0.46
-1.12
0.50
3.64
0.50
3.63
-1.71
1.81
0.11
3.64
0.46
1.15
-0.71
3.63
-0.46
0.11
0.11
0.77
2.80
-1.25
-0.46
-1.71
-1.71
0.50
3.63
3.64
-0.46
1.15
0.46
0.85
2.80
1.15
0.50
-1.12
-1.12
1.15
-1.25
-0.67
-0.46
1.15
1.15
-0.46
-0.46
-1.12
0.50
3.64
0.50
3.63
-1.71
1.81
0.11
3.64
0.46
1.15
-0.71
3.63
-0.46
0.11
0.11
0.77
2.80
-1.25
-0.46
-1.71
-1.71
0.50
3.63
3.64
-0.46
1.15
0.46
0.85
2.80
1.15
0.50
-1.12
-1.12
1.15
-1.25
-0.67
-0.46
1.15
1.15
-0.46
-0.46
-1.12
0.50
3.64
0.50
3.63
-1.71
1.81
0.11
3.64
0.46
1.15
-0.71
3.63
-0.46
0.11
0.11
0.77
2.80
-1.25
-0.46
-1.71
-1.71
0.50
3.63
3.64
-0.46
1.15
0.46
0.85
2.80
1.15
0.50
-1.12
-1.12
1.15
-1.25
-0.67
-0.46
1.15
1.15
-0.46
-0.46
-1.12
0.50
3.64
0.50
3.63
-1.71
1.81
0.11
3.64
0.46
1.15
-0.71
3.63
-0.46
0.11
0.11
0.77
2.80
-1.25
-0.46
-1.71
-1.71
0.50
3.63
3.64
-0.46
1.15
0.46
0.85
2.80
1.15
0.50
-1.12
-1.12
1.15
-1.25
-0.67
-0.46
1.15
1.15
-0.46
-0.46
-1.12
0.50
3.64
0.50
3.63
-1.71
1.81
0.11
3.64
0.46
1.15
-0.71
3.63
-0.46
0.11
0.11
0.77
2.80
-1.25
-0.46
-1.71
-1.71
0.50
3.63
3.64
-0.46
1.15
0.46
0.85
2.80
1.15
0.50
-1.12
-1.12
1.15
-1.25
-0.67
-0.46
1.15
1.15
-0.46
-0.46
-1.12
0.50
3.64
0.50
3.63
-1.71
1.81
0.11
3.64
0.46
1.15
-0.71
3.63
-0.46
0.11
0.11
0.77
2.80
-1.25
-0.46
-1.71
-1.71
0.50
3.63
3.64
-0.46
1.15
0.46
0.85
2.80
1.15
0.50
-1.12
-1.12
1.15
-1.25
-0.67
-0.46
1.15
1.15
-0.46
-0.46
-1.12
0.50
3.64
0.50
3.63
-1.71
1.81
0.11
3.64
0.46
1.15
-0.71
3.63
-0.46
0.11
0.11
0.77
2.80
-1.25
-0.46
-1.71
-1.71
0.50
3.63
3.64
-0.46
1.15
0.46
0.85
2.80
1.15
0.50
-1.12
-1.12
1.15
-1.25
-0.67
-0.46
1.15
1.15
-0.46
-0.46
-1.12
0.50
