9.426874222222224597e-01 7.965851934640523213e-01 2.574991835032679477e-01
8.142765022421525334e-01 9.294927264573988879e-01 3.496127462780267980e-01
9.557981134133043399e-01 7.793826968375134889e-01 2.570567315267175412e-01
7.712063767491926791e-01 9.283264488697523520e-01 5.391944251883744599e-01
8.302701075268816844e-01 8.846207172043011324e-01 4.245389522688171602e-01
7.854378824152543626e-01 9.337047976694916596e-01 4.674127372881355935e-01
9.264087798742137725e-01 8.068627368972745018e-01 2.661378754612159225e-01
9.310107490039841727e-01 8.043479531872509414e-01 3.140168627290836900e-01
8.389995623159960392e-01 8.827026329735033761e-01 4.491352921491657546e-01
9.389722922201138022e-01 8.020527277039848357e-01 3.215752672675522006e-01
9.218195527039413362e-01 8.103975178735105533e-01 3.507908137488542355e-01
9.532697040998218130e-01 7.849599598930481203e-01 1.944405022905525693e-01
9.719619286956521220e-01 7.607221095652173526e-01 4.256030223478260432e-02
7.839820844099915087e-01 9.210398303186909663e-01 5.260690594401378206e-01
9.265338664944013924e-01 8.067426391042205047e-01 3.010686899224805924e-01
7.862524531384350590e-01 9.170295580395529944e-01 5.415293860705071571e-01
7.806299440619621777e-01 9.234399595524956927e-01 5.352055433218588787e-01
9.784330644883921790e-01 7.541619819432502370e-01 1.932992364574376634e-02
8.546929802235598839e-01 8.667963043852107141e-01 4.255434993293206736e-01
7.776515468615650128e-01 9.265204978503870370e-01 5.224961341358554945e-01
9.444204333619947711e-01 8.156388168529663529e-01 1.121010729234737657e-01
9.345935808950087686e-01 8.026456067125645744e-01 2.904741673149741632e-01
8.064805448943661581e-01 9.086348732394365912e-01 4.766127045422535180e-01
9.077211264167394100e-01 8.304773679163033329e-01 3.833856762946817320e-01
9.391210463121784091e-01 8.040094596912521485e-01 3.244523159348198793e-01
7.977418078902228649e-01 9.228438156089191491e-01 4.486798085506004119e-01
9.385243396226415902e-01 8.058332615780446906e-01 3.385518493481989855e-01
7.869375442060084769e-01 9.336256609442059595e-01 4.581156008583690542e-01
9.277403004291845390e-01 8.007514068669526752e-01 1.752427814077253121e-01
9.624842221269298559e-01 7.792510840480275647e-01 1.831485846397941375e-01
8.523748919382505562e-01 8.673504999999998022e-01 5.447324516895367674e-01
9.781817660668380432e-01 7.523662733504712374e-01 1.821056557840617166e-02
9.502084022298457056e-01 7.832041303602057525e-01 2.248202211835334252e-01
8.015685025728985780e-01 9.224102281303602213e-01 4.488461143910805751e-01
7.812895839041097412e-01 9.197633099315067895e-01 5.379239888698629235e-01
9.666347628424659666e-01 7.705006404109587814e-01 1.899646809589040919e-01
9.261676672384221431e-01 8.116224108061749209e-01 3.377944962778730575e-01
8.324963237924866144e-01 8.854649373881932073e-01 5.026342710465114827e-01
9.579091666666668115e-01 7.717060801104971279e-01 2.609567811970534001e-01
9.180059093511450108e-01 8.106536956106870084e-01 2.748988875954198052e-01
8.678115111346764721e-01 8.543018579003180957e-01 4.102560362354187862e-01
7.813863201923076929e-01 9.253749990384615431e-01 5.119580416730769024e-01
9.370368827519378607e-01 7.928537112403100107e-01 1.355854524709302067e-01
9.510190207100592819e-01 7.886814299802761274e-01 2.110456761735700348e-01
9.351087332015810549e-01 8.038954298418972133e-01 3.102760367885375459e-01
7.904131032448378225e-01 9.165215535889872367e-01 5.216908197443459461e-01
9.421136100196463303e-01 7.928377652259330777e-01 3.055087738310413026e-01
9.609279882237486969e-01 7.715237615309126218e-01 9.094312734052992231e-02
9.400866425742576693e-01 7.948399950495049771e-01 2.588405153069306963e-01
9.552340695134063919e-01 7.829991191658391969e-01 2.054723559682224698e-01
8.406301488095240249e-01 8.763977281746032633e-01 5.614267466964284470e-01
9.536930039643213286e-01 7.860668999008920688e-01 2.065516634786917771e-01
9.392548870168484498e-01 7.952042586719524353e-01 2.415170697621407125e-01
8.010577840796020421e-01 9.142317412935324628e-01 5.060989101194030004e-01
9.402990179461615528e-01 7.878148065802590416e-01 1.376166885343967639e-01
9.346015204795204978e-01 7.975792437562436721e-01 2.328134264935064757e-01
9.352612309999999152e-01 7.976306389999999746e-01 2.051446344300000002e-01
7.868376766766767005e-01 9.337022182182183050e-01 4.597143463463463364e-01
9.440594929859719153e-01 7.953192354709419654e-01 2.115031683066132262e-01
9.234322975951905210e-01 8.102975721442886581e-01 3.133440542384768879e-01
8.280351925777332811e-01 8.871227472417252402e-01 5.323868632597793527e-01
9.373247125628141330e-01 8.089440381909546174e-01 3.409983484120602815e-01
8.534302730030336459e-01 8.675613164812943090e-01 5.291815631951464205e-01
9.287749696048631654e-01 8.057412867274569290e-01 2.705958292806484033e-01
7.786704903160039937e-01 9.196394026503567076e-01 5.504241688786951636e-01
9.402406313603324239e-01 7.981487528556594491e-01 2.446396817030114523e-01
7.833541114683815199e-01 9.285963076098606717e-01 4.969730528831725613e-01
9.645666368563684534e-01 7.687376585365852666e-01 8.467840300813007925e-02
