8.790671709401710610e-01 8.551123974358973978e-01 3.468380722008547190e-01
9.128985705705705556e-01 8.222140435435435490e-01 2.920201766066066185e-01
9.084954450672645399e-01 8.261359573991031713e-01 3.196987798094170774e-01
8.096420872617852149e-01 9.126549438314945917e-01 4.396421715546639519e-01
9.068633593287266370e-01 8.295701184600197120e-01 3.610755648469890500e-01
9.352894810710987716e-01 8.026431080332411261e-01 2.453064538227146540e-01
9.080577423423422667e-01 8.392419450450450125e-01 2.421155777837837586e-01
7.876204012345678906e-01 9.259232804232805369e-01 4.873985529276895212e-01
9.280101097453905545e-01 8.127882906057943835e-01 1.977333097892888247e-01
9.158534172473867807e-01 8.222960121951219392e-01 2.697380533188153406e-01
8.418692296943232067e-01 8.863400602620087332e-01 3.972068743842794292e-01
8.928799176161260620e-01 8.576808641542507106e-01 2.463241283347940014e-01
9.162265820895522106e-01 8.175845557506584704e-01 2.529968421158911296e-01
9.163027142857143037e-01 8.196733888888888542e-01 2.851810259435625938e-01
8.951115680212012871e-01 8.415856139575971229e-01 2.797442400265017781e-01
9.427709302325582019e-01 8.001013246869409512e-01 2.619040913416815775e-01
8.202188323301805584e-01 9.057736096302665407e-01 4.228526427343078375e-01
9.353957798796216361e-01 8.049767575236456141e-01 3.387243957781599368e-01
9.134867390932418507e-01 8.259638331907613873e-01 2.948107420701454040e-01
9.215004913941479137e-01 8.158004199655766175e-01 2.853053851118760309e-01
9.415921955782312613e-01 7.961529430272109575e-01 2.377162307227890792e-01
7.934524914821123875e-01 9.266724386712095196e-01 4.613074912095399549e-01
8.640135165675446594e-01 8.577936363636363692e-01 5.011835282073066056e-01
9.357235025553664043e-01 8.025430868824532382e-01 2.269275868909710336e-01
8.940961767204756994e-01 8.408646550552252297e-01 2.895534741121494893e-01
8.203220989847715972e-01 8.951369543147208452e-01 4.852416525719119855e-01
9.429740345721694394e-01 8.006019766637857416e-01 2.892789194987034906e-01
8.032782465517241954e-01 9.092527318965517580e-01 4.717082929482758202e-01
9.358384969591659885e-01 8.019081581233710176e-01 3.261793202085143673e-01
9.187941587163919177e-01 8.213170346921074838e-01 2.594536445186469420e-01
9.284769269131555314e-01 8.102508779019775842e-01 3.213811813069646917e-01
8.916251540425532696e-01 8.476571021276596563e-01 3.789376335234042048e-01
7.897042338435372733e-01 9.236944710884353871e-01 4.916776352040815312e-01
9.175233271186440387e-01 8.216855838983050386e-01 3.397308071610169455e-01
9.302223194915254512e-01 8.139482364406779302e-01 2.277188047542372806e-01
8.131663906382977647e-01 9.165201251063828103e-01 4.285933640085106133e-01
9.141532760683761527e-01 8.211685188034187899e-01 2.551420161025640954e-01
9.325913716965047451e-01 8.092984288150042449e-01 2.558830189514066378e-01
9.345477972742760597e-01 8.084973875638842289e-01 3.089810731090289475e-01
9.211057151515151808e-01 8.170860554112553409e-01 2.576627295757575320e-01
9.088216358885016222e-01 8.291859965156794798e-01 3.080763908101044612e-01
9.096337249560632054e-01 8.217450140597538644e-01 3.067944859841827410e-01
9.203652922134732961e-01 8.156734225721783416e-01 3.045150396150481109e-01
8.890439931448157473e-01 8.401552999143101497e-01 3.558488419194515417e-01
9.275149564846415506e-01 8.090720972696245905e-01 2.714214147354948592e-01
8.865554279624893175e-01 8.480572932651321283e-01 3.408372273401534258e-01
8.062214372331341083e-01 9.122595772843722362e-01 4.678290635183602886e-01
8.770957630901287105e-01 8.530565330472102969e-01 3.411927711072961222e-01
9.204471522108843562e-01 8.155749940476190174e-01 2.394767585799319753e-01
7.906127073791348048e-01 9.238582765055132207e-01 4.871162951823578280e-01
8.416592962648558052e-01 8.707108811544991278e-01 5.046942665874363243e-01
9.341708504672898705e-01 8.049862463891249709e-01 2.320227569753610941e-01
8.470537334479794067e-01 8.775922459157352584e-01 4.409072033361994269e-01
8.042874099485419759e-01 9.238422444253859833e-01 4.231269974356775543e-01
9.476089888412018158e-01 7.943743553648069389e-01 2.597088173991415894e-01
7.988982089810017229e-01 9.059289818652848103e-01 4.860414834196891132e-01
9.460503324561404526e-01 7.918546842105262940e-01 2.850172723596491320e-01
8.601088969754252522e-01 8.620298147448015591e-01 3.993711065595462739e-01
9.236369607645875668e-01 8.109369839034203942e-01 3.000244209356137115e-01
8.832185227032733899e-01 8.606700739176347259e-01 3.144998599683209717e-01
7.950446855277475411e-01 9.269849423286182777e-01 4.468520627747551988e-01
8.363624110429447311e-01 8.896067285276073600e-01 4.112707434355828418e-01
9.042197808471454934e-01 8.353587255985266413e-01 3.333385648434622484e-01
9.292678668032787748e-01 8.124045901639342926e-01 3.191113901024589805e-01
9.305180099009903172e-01 8.057820247524751789e-01 2.746040235643564253e-01
