56
0.642	-12.612	3.277
2.082	-10.263	0.654
0.794	-6.685	0.782
1.426	-4.232	-2.06
0.91	-0.463	-2.131
0.195	1.944	-4.982
-0.487	5.625	-4.288
-1.404	8.201	-6.93
-1.169	11.912	-6.159
2.046	13.552	-7.369
3.464	13.488	-10.904
3.86	9.749	-10.396
2.38	7.016	-8.204
4.096	5.29	-5.277
5.05	1.621	-4.975
6.018	-0.639	-2.073
6.107	-4.343	-1.208
5.394	-5.592	2.309
4.495	-9.17	3.204
3.383	-9.519	6.815
2.059	-12.484	8.795
-1.539	-11.353	8.318
-3.492	-8.466	6.771
-3.969	-6.294	9.85
-0.495	-5.343	11.035
0.337	-4.907	7.352
-2.854	-2.963	6.643
-2.08	-0.577	9.503
1.637	-0.098	8.835
0.894	0.625	5.175
-1.907	3.007	6.134
0.442	4.837	8.499
3.317	5.426	6.077
0.919	5.973	3.171
-1.156	8.563	5.029
2.115	10.22	6.046
3.569	10.283	2.531
0.757	11.635	0.349
-3.005	11.287	0.805
-5.899	13.592	-0.03
-7.904	12.241	-2.951
-9.843	8.981	-2.797
-8.711	5.793	-1.069
-8.85	2.526	-3.012
-8.188	-1.07	-1.967
-7.887	-4.233	-4.054
-9.248	-7.38	-2.413
-7.805	-9.589	-5.155
-4.217	-9.74	-3.903
-4.285	-7.502	-0.82
-3.098	-4.122	-2.098
-3.765	-0.692	-0.593
-3.799	2.295	-2.951
-4.389	6.019	-2.481
-5.336	7.867	-5.669
-5.92	11.602	-6.024
