[Chain]
60.0 60.0 60.0
2.459108 2.519591 2.466597

[Chi]
60.0 -0.71

[Epsilon]
1.0

[Rama]
2.0
5
 1.3149  15.398 0.15   1.74 0.65 -2.138
1.32016 49.0521 0.25  1.265 0.45  0.318
 1.0264 49.0954 0.65 -1.3 0.25  -0.5
    2.0   99.0  1.0  1.1  1.0  0.820
    2.0  15.398  1.0   2.25  1.0  -2.16

[Rama_P]
3
 0.0    0.0 1.0   0.0  1.0   0.0
2.17 105.52 1.0 1.153 0.15  -2.4
2.15 109.09 1.0  0.95 0.15 0.218
 0.0    0.0 1.0   0.0  2.0   0.0
 0.0    0.0 1.0   0.0  2.0   0.0

[SSWeight]
0 0 0 1 1 0
0 0 0 0 0 0

[ABC]
0.4831806 0.703282 -0.1864262
0.4436538 0.2352006 0.3211455
0.841 0.89296 -0.73389

[Water]
200.0
5.0 7.0
2.6
13
2
4.5 6.5 1
6.5 9.5 1


[Helix]
1.5
2.0 -1.0
7.0 7.0
3.0
4
15.0
4.5 6.5
0.7884 0.6150 0.4907 0.4446 0.7614 0.6137 0.5695 0.5698 0.6317 0.8108 0.8145 0.5584 0.7969 0.7649 0.0000 0.5969 0.6730 0.7418 0.7067 0.7916
1 0.4416
0.76   0.68
2.06   2.98



[Fragment_Memory_Table]
0.01
fragsLAMW.mem
uniform.gamma
0 50 0.01
0.1
0
0.15


[AMH-Go]
0.5
1.0
12.0
2

[Membrane]
1
0.0
0.2
0 0 0
0
30
5
0
1 1 1 1
1 1 1 1
1 1 1 1
