56
3.812	13.29	-18.103
2.127	16.137	-19.983
3.828	19.481	-20.611
4.36	20.398	-16.958
5.111	18.102	-14.02
2.135	17.333	-11.785
2.652	16.529	-8.102
0.03	14.708	-6.032
-0.411	11.82	-3.623
-2.702	10.19	-6.21
0.327	8.538	-7.848
0.736	6.684	-4.555
-3.0	6.11	-4.167
-2.83	4.052	-7.358
0.39	2.404	-6.181
-1.524	0.623	-3.425
-4.69	0.149	-5.482
-2.652	-1.668	-8.134
-0.887	-3.858	-5.569
-4.129	-4.377	-3.653
-6.084	-5.566	-6.693
-3.207	-7.843	-7.71
-3.224	-9.649	-4.345
-5.77	-10.5	-1.653
-5.889	-7.373	0.48
-8.159	-5.035	2.445
-9.624	-2.012	0.624
-9.177	-0.145	3.92
-5.527	0.226	2.858
-5.977	2.123	-0.425
-8.432	4.339	1.455
-6.028	4.874	4.341
-3.072	5.698	2.1
-5.029	7.92	-0.3
-5.953	9.939	2.787
-2.275	10.414	3.669
-0.96	13.885	2.87
2.531	12.536	2.184
3.315	10.061	-0.591
5.944	8.333	1.554
3.04	7.149	3.689
1.215	5.626	0.746
4.241	4.09	-0.972
5.314	2.531	2.332
1.884	1.199	3.26
1.583	-0.182	-0.266
4.893	-1.974	0.257
3.223	-3.783	3.144
0.444	-4.803	0.754
3.015	-6.45	-1.517
4.54	-8.461	1.333
1.573	-8.816	3.689
4.03	-10.558	6.018
2.38	-13.983	5.758
0.226	-15.447	2.986
-3.124	-17.217	3.302
