9.366270214521451587e-01 8.218498778877887379e-01 1.427041776072607293e-01
9.215289910581222488e-01 8.137930730253352118e-01 2.741970452011922577e-01
9.354772296037295876e-01 8.286299242424242095e-01 1.491310222843822697e-01
9.026463052023119271e-01 8.337853595375722682e-01 3.615496529942196502e-01
8.887668226544622740e-01 8.449027688787185131e-01 3.432429148169336974e-01
8.230573199152543262e-01 9.171747309322033637e-01 3.669661211334745432e-01
9.282324028776978153e-01 8.117680123329906738e-01 3.667954934121274158e-01
9.307737960865086757e-01 8.055810865087539296e-01 2.781271754376931082e-01
9.240625901132852871e-01 8.158787857878476713e-01 2.669314681050463656e-01
9.455816584362138899e-01 7.994600946502057326e-01 2.512484201440329246e-01
8.280294131551900749e-01 8.937530010277493497e-01 4.206092649948612872e-01
9.104672753326510382e-01 8.252655609007164550e-01 2.949863496622313064e-01
8.690119383983572199e-01 8.587105041067761846e-01 3.690854299897329827e-01
7.927960533333332505e-01 9.291440235897437949e-01 4.520085497538461894e-01
9.455276944444445109e-01 7.957971090534978753e-01 2.027107882613168877e-01
9.271119304703477892e-01 8.118445705521472044e-01 2.548661038343558172e-01
8.745656938775510092e-01 8.560123897959185379e-01 3.580359242755101756e-01
8.193968786952090522e-01 9.269863649337408695e-01 3.406815120693169607e-01
9.212394147088865948e-01 8.171535464759959178e-01 2.731460255771194778e-01
9.097702520408162963e-01 8.261891061224490018e-01 2.679562345510204113e-01
9.243374173469388611e-01 8.099675459183671711e-01 2.943378580510204179e-01
9.365596523955147523e-01 8.042077849133536516e-01 2.384828036595310896e-01
8.638238341810783316e-01 8.850019989827058176e-01 3.017895112512716249e-01
8.845415569105690157e-01 8.374717042682927604e-01 3.613888729674796241e-01
9.327824239019408825e-01 8.017167773237997563e-01 3.225465183146067893e-01
8.977699448979592489e-01 8.362146357142856701e-01 3.215390761734693292e-01
9.150836816326530787e-01 8.199578306122449201e-01 3.015002264489795580e-01
9.179708120531154814e-01 8.203561419816138844e-01 2.770571820326864221e-01
9.198734307692306711e-01 8.322306964102563764e-01 1.830405266358974270e-01
9.114190981595091667e-01 8.239736503067484064e-01 2.816759822801636060e-01
9.317109202453986994e-01 8.092381298568507297e-01 2.405245592535787680e-01
7.914519488229273536e-01 9.267480706243603761e-01 4.681074636745138351e-01
8.669189171779142500e-01 8.564690787321063148e-01 4.950907120143148710e-01
9.216410194472876016e-01 8.175320573183214590e-01 2.664952013920164342e-01
9.215095511247444193e-01 8.160710419222904077e-01 2.548118662372187981e-01
8.125888637295082262e-01 9.075538831967213671e-01 4.583461024692622732e-01
9.337685056065240241e-01 8.074253751274209634e-01 2.919235723751273937e-01
7.965017479591836036e-01 9.217219765306122747e-01 4.654184517244898123e-01
9.381257881873728000e-01 8.001914124236252368e-01 3.180980948065172953e-01
9.302558418367348203e-01 8.056798469387755901e-01 2.574957589489795806e-01
9.259079033570701833e-01 8.180464181078330732e-01 2.427173860223804380e-01
9.253727959183672969e-01 8.161370612244897016e-01 2.724275818469387156e-01
7.848003567073169595e-01 9.183280223577235946e-01 5.231845657317072407e-01
9.482049400406502571e-01 7.918563851626014838e-01 1.751197864430893980e-01
8.105906531027466944e-01 9.015557405900305188e-01 4.815245744659206184e-01
8.557510835881751987e-01 8.998205494393478610e-01 3.428013523751273772e-01
8.157951791197544100e-01 9.285801647901738010e-01 3.417518222620264945e-01
9.463407907692307219e-01 7.973108882051281876e-01 2.423265424615384800e-01
9.507083152507677104e-01 7.930314872057319109e-01 2.563778093142272119e-01
9.371714432989690646e-01 8.194887474226804081e-01 1.531386149587628531e-01
9.332980507772020706e-01 8.327138818652849439e-01 1.468720473782383074e-01
8.609020890410959970e-01 8.655455194063927937e-01 4.655959517009131687e-01
9.594194335664334439e-01 7.799303834498834131e-01 8.824169824009324425e-02
8.045019854014597849e-01 9.166952299270072491e-01 4.537300754379561818e-01
