-6.496407879372785299e-01
-1.616193532464125504e-01
1.453115460383555824e-01
1.678178997862736221e-01
-1.486441916358588466e-01
-1.467772471276500290e-02
-3.619628529479104739e-02
-2.117950495154309609e-01
-4.877902898042230095e-02
-7.194496816551148033e-01
-8.637206919102078384e-01
-1.071045953400877604e-01
-5.322159174402589787e-01
-8.148261022845786350e-01
1.197363538921916021e-02
1.164390608888508372e-01
4.762154027905343701e-02
-3.549527223210904858e-01
-4.462707413479310437e-01
-4.387543733921500655e-01
-4.975104758845928510e-01
-5.027249037275514087e-01
-1.428764025907736102e+00
4.991257635783108437e-02
-5.735698548695558063e-01
-1.477365630289179332e+00
-7.042493286857252066e-01
-4.008233515457890750e-01
3.424806796422378424e-02
-8.984955769205693610e-02
-4.366611224379921552e-01
8.381950026483009353e-02
-2.126402234236270117e-01
-5.264951317843874490e-01
-4.294772701940572923e-01
-3.852263249251796640e-01
-2.227042387126542677e-01
-5.956899154063610702e-01
-3.246873095123516129e-02
-1.570392098509633683e-01
-3.914212889912540572e-01
9.452421924885980042e-02
-2.094041608915633568e-01
-3.887501417316287511e-01
-4.978497274164404018e-01
-8.974112360644048714e-02
5.658529083208513333e-01
4.008286647340851827e-01
-4.573049271317903841e-01
2.271879759231371643e-01
2.270717009742277970e-01
-1.989362259694975044e-01
-1.287111105737125671e-01
1.456777114252771899e-02
2.272729770245204839e-01
-1.088146636739029116e-01
4.191729685545146356e-01
-7.715919069998534996e-02
2.760481444968584941e-01
-3.014926153654590157e-01
-3.423988291027643127e-01
-2.465319243466542465e-01
-5.658647767324882505e-01
5.823884988024400355e-01
4.538869626513114541e-01
-9.282770101792413575e-01
4.018610988328624734e-01
4.352776851349131615e-01
-2.671138887089171687e-01
-1.814034201375195887e-01
-4.028388639869417975e-02
3.419540188500285738e-01
-3.169270541137840791e-01
5.419679667390652211e-01
-6.834155615259799310e-01
1.053947616092097417e-01
3.683339038883151062e-01
7.329855438042671978e-02
-5.320484135606772663e-02
-7.118600650897859428e-01
-9.122095313156624030e-01
1.065199031359857773e-01
-1.113446372452685795e-01
-6.437338546380786397e-01
5.458017377106392370e-02
1.142130928432973924e-01
3.240270625846216612e-01
-1.590521886842647947e-01
-2.325709326942825839e-01
-1.540766843801306130e-01
-3.929539871882235524e-01
-4.336595120276132143e-01
-3.556831789130437960e-01
-8.913960486288502461e-02
2.460579730473766991e-01
1.289729405556042652e-01
-4.920910528971490505e-01
8.204408693347360615e-02
6.392813905583406842e-02
-4.368860907633103641e-01
-2.480252593058610566e-01
-1.464421963798732962e-01
-2.038738249642281231e-01
-4.345297455666342068e-01
1.678250830671102478e-01
-3.299226480788924887e-01
-3.891252988166958859e-01
-5.937773667515257037e-01
2.340821382739607104e-01
1.536452321380014363e-01
-1.062952142563029279e+00
3.395259638926046986e-01
1.585495798582322036e-01
-4.300387683323583787e-01
-4.152978675953115095e-01
-2.186542533259944743e-01
-3.241137556921816487e-02
-5.515106993319243145e-01
2.199753619050070497e-01
-6.885377045677116836e-01
-1.911811370943548027e-01
2.673855074337763704e-02
-6.052463733616975095e-02
-5.942607298747751843e-01
-9.883444820268641462e-02
-3.898908834405651613e-01
-5.760342338322851363e-01
-2.990443965190980879e-01
-3.427446331181193129e-01
-1.695119729478608284e-01
-6.072003301830855015e-01
-4.928579525587550858e-02
-1.724059478976180115e-01
4.855707507374432130e-02
-1.633578427311255243e-02
-1.840571050242569562e-01
-1.706560757275382006e-02
-3.851397107087745075e-01
-2.571128134955692479e-01
-1.381191092691339689e-02
-1.698725449286156708e-01
-2.515818531897849319e-01
-5.624265893018989271e-01
9.301326212265059734e-02
-1.898912553265512226e+00
-1.992146561781297898e+00
1.687456869656757397e-01
-1.135761519044432122e+00
-1.975793140741778586e+00
2.019216945117796036e-01
3.208071522545440923e-01
1.476308099216098180e-01
-9.355489702425602294e-01
-8.210000402191688362e-01
-1.142866194107602373e+00
-2.355489625595163616e+00
3.430670797969670449e-02
-1.120480793361280369e+00
-2.270406410393644769e+00
8.375755858959685329e-02
3.204975828250360426e-01
4.398647321198989601e-02
-1.427513505224862200e+00
-1.072814796196892129e+00
-1.355750947922665262e+00
-3.460068214237464468e-01
1.435824711449412150e-01
-5.671695165301604558e-02
-4.453446511193782653e-01
-2.337912165426652422e-01
-2.671957093573829600e-01
-3.510463092682186703e-03
-5.966531806222790113e-01
9.340384938741241871e-02
-3.166148892623865674e-01
-1.610674567337133434e+00
6.246245111347256684e-02
4.029350256119337281e-01
2.364182895508263327e-01
-4.206357637633634239e-01
-6.205618548018122516e-01
-4.307008930380675782e-01
-2.843408497766829690e+00
8.102016115209498270e-02
-1.049127803120036839e-02
4.911293565904240044e-02
-1.378105336677042381e+00
-1.659137896784965926e+00
-1.322553643728343831e+00
-2.879472286383633617e-01
-1.661747536659408941e-01
-7.937948419945445311e-02
-1.846538619868373921e-01
-7.606645841032184663e-01
1.108317321349020501e-01
1.176182549715695247e-01
8.121086315719674986e-02
1.394271206704871535e-01
-5.007463434513992340e-02
3.270042623998969389e-01
-4.309402364543890585e-02
1.275945408383369339e-01
-3.469561866250316373e-01
1.087232756296658276e-01
-4.086300702379884742e-01
-3.621425215528951691e-01
-3.629323429773348986e-01
-4.421236674093718122e-01
-6.302339622253918527e-01
-9.865319461806228984e-01
-4.833571173721067094e-03
7.631677899344589677e-02
1.001487323647808347e-01
7.845582690472288623e-02
-4.368007308163150415e-01
3.799087492445743508e-02
9.084140196581996785e-02
-4.065769771102534236e-02
8.766436915633543658e-03
-3.442937501676676115e-01
1.195938145055408519e-02
1.153257745079072083e-01
-1.746308177784917370e-01
-3.442390173461895575e-01
-8.382404380140526245e-03
8.521005608098077000e-03
-8.586485141411900890e-02
-5.334262689437629934e-02
-2.215089214516250404e-01
-3.595436767416012036e-01
7.687377843210613237e-02
-1.531621932345328396e-01
-2.641127373219714913e-01
5.190991622119867088e-02
-6.159581976539135750e-02
-1.779668672743408009e-01
-9.087911121578914897e-02
-1.262731168326612918e-01
3.882227149653804110e-01
4.559384220687626721e-01
4.719832025515124929e-03
2.946383711440416775e-01
4.352961049724846654e-01
-2.451941999856732113e-01
-1.546720803698346247e-01
-9.519356543737539367e-02
3.866265394858545701e-01
2.281298044470861930e-01
2.733116083594605006e-01
-2.363433727440884813e-01
-1.972244625206016067e-01
-1.092092142258196535e-01
-2.773020127402408552e-01
-2.171906499187173933e-01
-1.066202304432598280e-01
-1.064973147797826092e-01
2.121605671447826802e-01
3.207012264271754121e-01
-1.635744865903899781e-01
2.360256092623289059e-01
1.424155377459601080e-01
-1.717641917265096685e-01
-2.543380728633463650e-01
-1.504216982279795722e-01
1.165108828896416204e-02
9.609485254642988195e-02
1.688807714478537392e-01
-2.235403706324083362e-01
1.344213130522729782e-01
-1.989655280482812982e-01
-1.387641259229613899e-01
-1.070453288205204384e-01
-7.643832349916535041e-02
4.166792483668356195e-01
4.795150761117999982e-01
-2.440396172127661800e-01
2.147207898383592939e-01
2.869243155311430593e-01
-2.466877240286983186e-01
-1.249933185912112665e-01
-5.898639173256697843e-02
3.751013795178913951e-02
1.538478719155325081e-01
2.717790755488854737e-01
-2.228065755016949423e-01
1.429577816517449695e-01
2.813917358176582506e-01
-1.279271561122534706e-01
-1.181383361223106859e-01
-6.804325614183064364e-01
-6.005699997187957662e-01
2.702029610583998043e-01
-4.353688629437879598e-01
-8.725775628592731259e-01
-2.698014535742572217e-01
-1.160155213132901819e-01
4.356072639739738683e-02
-3.171908555382337846e-01
-1.715420571273859884e-01
-5.105983129846848323e-01
-1.170587100362790456e-01
-1.540466162736707778e-01
-1.477247616340731651e-01
-1.203762688580796436e-01
2.662117201552839374e-01
3.733325304175114656e-01
-9.564921245203361622e-02
2.330042880827340457e-01
3.770012800658240626e-01
-3.072222181376034200e-01
-1.171113657515082396e-01
-7.653185147174090819e-02
1.454057514316664523e-01
9.981239102266248331e-02
2.375429884186458507e-01
-1.498396431413993590e-01
-8.771105946737903225e-02
6.638436196128139066e-03
3.930434363491424610e-01
4.885454148436981225e-01
-2.008587766730647595e-01
3.248701979732450118e-01
3.977327682325453861e-01
-1.289447521281360531e-01
-9.124604662297208790e-02
1.779881893505197432e-02
2.645437991714051917e-01
1.670661568520045159e-01
3.107748363935465274e-01
-2.276549835688310985e-01
-9.958414489166741990e-02
1.060838799147216516e-01
1.774659871039390158e-01
-1.019136722298213393e-01
1.385244019287237491e-02
1.463880506819673910e-01
-1.064021222055637206e-01
-1.694471554248598855e-01
-1.061853211950808118e-01
8.404239419541983946e-02
3.247246444120205355e-02
1.141679506040584324e-01
-1.591768567101789489e-01
1.232787992052643694e-01
2.903202084996361343e-01
-4.254734345920019312e-02
-1.233733556012769905e-02
-4.384283844712510980e-04
-2.376385731534294554e-01
-2.245514835896617600e-01
-8.415342152659086028e-03
5.399254760125312552e-02
1.459269581781481862e-01
2.306670673574058583e-02
-5.839241277696689547e-01
-3.893651784967177565e-01
4.466381623155770697e-01
-4.985650454812898813e-01
-3.134932011187523404e-01
2.899297741928651417e-01
4.515809724796737701e-02
-1.086664592805371699e-01
-2.591514189751074615e-01
-6.439611861725974551e-02
-4.671860507076646130e-01
-4.177485349867343656e-01
4.886331142435485497e-01
-3.286035640030621763e-01
-3.625319884290494343e-01
2.265143564676140309e-01
1.951924548066199527e-01
7.206365402747938465e-04
-3.199125475179581679e-01
1.719211848759694128e-02
-3.883454966074336712e-01
-7.036114035351487273e-02
2.823555075304641226e-01
4.857522965530793879e-01
-5.088423487151033653e-02
-1.733161451733824521e-01
7.359542516867878525e-03
3.398434687726753500e-01
8.031601467312404763e-02
2.781824823219266607e-01
-4.088839460477172727e-01
-4.831356955563417821e-01
-8.511600180505643487e-02
-1.606261867548465228e-01
4.332727527000802825e-02
-2.999847692468738947e-01
-9.082363190700701305e-02
-3.096446490456781220e-01
-3.900651523582367441e-01
2.966236056454906178e-01
5.589450364093576790e-02
-2.239051489176130394e-02
-4.936303062721866808e-01
1.432768342217893842e-03
-4.531386919919220269e-01
-3.099462045338025051e-01
-2.024966637500166533e-01
-1.803444005979376596e-01
-1.313862354920145858e-01
-5.956137696804901516e-02
8.439918313460173516e-02
-2.399943126468664645e-01
-1.252114723219228121e-01
-4.596089177532330927e-02
-2.274508774604965811e-01
1.593830322522956644e-01
-6.530626738301582856e-02
-1.708125163143755509e-01
-1.218572583392527747e-01
-9.394041989952836569e-02
-1.155535838450918590e-01
1.348020194060125798e-01
-3.450637789930745547e-01
2.050787468044140138e-01
-1.631895919543656648e-01
-2.271911729592867024e-01
1.239400263379557277e-02
-2.334585906554048629e-02
1.918901300245833830e-01
3.331034214107095326e-01
2.677696287799312402e-03
2.854501226344435816e-01
3.815812573316049727e-01
-8.422042418488155657e-02
1.070662987426744539e-02
-6.129575455861868694e-02
-3.482414605604777780e-02
1.798095946250695687e-01
7.462416691510090350e-02
-3.731669041229917355e-02
9.522991346459987183e-03
2.418633236630371997e-01
1.478042537205959128e-01
6.935358944567691919e-02
-3.524475847106783855e-02
-1.673267971968469547e-01
-1.682631218491295044e-01
-1.240890235007945791e-01
-1.430844017507001964e-01
2.529090796073688030e-02
-6.563993622525976512e-02
-2.823907159368105879e-01
-4.127303006970413635e-01
-1.069640552470979139e-01
8.535077064959190052e-02
2.170453377812829876e-01
-2.688580400971183892e-01
4.807533877745641393e-02
-5.224878866726477555e-03
-3.859845323351319135e-01
-9.858628859471019190e-02
-6.986464222811103464e-02
4.666288784250921529e-02
2.215270721623868733e-02
5.723215315151003457e-02
2.482475500416117531e-02
7.370443916457269928e-02
3.502243139072162836e-02
1.059708514466017049e-01
-3.881117213459045479e-02
6.353602953394793529e-03
-6.083931479226033223e-02
1.324036614128117906e-01
2.207869093324852927e-01
-2.543885745599478998e-01
-2.485514149965221964e-03
1.179883889820301790e-02
4.915631131605924242e-03
2.267136095722878109e-01
4.913604236576517292e-02
4.546020415917147173e-02
-4.290434301512735527e-02
7.569708132125388400e-02
1.341656977779949467e-01
5.732827890182523589e-02
8.007670648998441165e-02
2.151597795032591798e-01
1.070209039757591546e-01
-2.952494891016731182e-02
2.021324037568957288e-01
4.254113614201681104e-01
-1.753547753526423780e-01
4.416012349503954659e-02
1.173549625576352784e-01
-1.706503189989685421e-01
4.675729605996969962e-01
2.449988793947899257e-01
8.038862438327201709e-02
3.813122123578485678e-02
2.204667003702225625e-01
-2.728303104073627819e-02
7.207859283018341889e-03
9.664947727254694088e-02
2.609793247631609497e-02
-3.513222809787237139e-02
-5.682472558333566404e-02
-1.773866955767902653e-02
1.653068213517940033e-03
8.818813722975509320e-03
-1.213777632644393728e-02
-2.694608502144646422e-02
-1.174739243321952509e-02
-1.408017419374656826e-02
2.378909677347523788e-03
1.086898039886573589e-02
-2.977545529172089672e-02
4.782478769309402022e-02
1.315005937918304890e-01
5.655038539705131706e-02
-6.212590532304554380e-02
1.139591904851901538e-01
2.009181260273267267e-01
-2.478749793295942361e-01
2.735511184758793873e-02
2.622346732483372966e-02
-7.960548479647593101e-02
5.270287033724746495e-02
1.813232537894741148e-01
1.335355015171303672e-02
-1.747405080248651960e-02
4.676916790131838142e-03
1.372466312852435588e-01
1.143136914987309127e-01
-1.046292703210883190e-01
2.444004537894537421e-01
4.361369025327704874e-01
-1.675918554347563538e-01
3.138117259856423175e-02
1.188030043952909287e-01
-7.675161452755430158e-03
3.967182224701367721e-01
2.289767310006501910e-02
7.939921604797456345e-02
2.773105784159875936e-02
3.246971547650084888e-01
9.402005435197199196e-03
-3.140252094687248641e-02
1.110405893053133114e-01
2.929662559262697363e-01
-1.062058623997437778e-01
3.780213118795501537e-02
7.598927734007139556e-02
-1.872347191221041540e-01
2.437069787883705263e-01
-1.069763610871654891e-01
1.677599594284516840e-02
-2.629440468367737205e-03
4.733421931882767636e-02
-6.367583443021869460e-02
3.043865807524641712e-02
3.155705491857648676e-02
-2.505945066210753247e-02
6.995323118119519713e-03
2.060692635833148018e-02
-1.162458194130461808e-01
-4.683592527951896400e-02
3.131336031070516140e-03
-6.604102057698934755e-03
-7.260922466307846712e-02
6.617616649113219895e-02
-6.151552326438511353e-02
-3.799050980816544021e-01
1.562271419839266762e-01
-2.907111907147240035e-02
-1.096897106455941018e-01
9.310968641300856885e-02
6.838961903778306706e-02
2.679211857825444451e-02
-1.782018553065800592e-02
-2.725984581760327458e-02
-1.950733968293869580e-01
-3.446243077109640840e-01
3.945733338952254754e-01
-7.490225518695453610e-02
-2.168591960079327974e-01
1.052766934531454979e-01
1.747135993341644156e-01
1.782012949332678620e-01
-4.369010874474639483e-02
-6.445009878141355619e-02
-4.266757773743111715e-01
-8.920980143696469189e-02
2.941138878918181376e-02
1.060723926489315627e-01
-2.502497667197881581e-01
-3.150753387255767618e-02
6.136496159796878125e-02
3.513853678261948804e-02
-3.846144288075492579e-02
1.276669714967974545e-01
-1.998705326682767916e-02
-1.212047683181663275e-02
2.746443936263078672e-02
5.261964754340864303e-02
2.056816300432008637e-03
3.784767642096606433e-03
3.059883613299763626e-03
7.867055578260040080e-03
-1.639954206923296964e-02
3.761314705916175144e-02
9.151400182225194468e-02
8.743451616956178160e-03
-1.746560813429017672e-02
-4.266816286026835908e-02
-9.169458522527706990e-02
-5.609914765137316572e-02
-1.003660508584208744e-02
-1.022916968480578892e-01
3.937424139301028830e-02
-2.470223652517141572e-02
8.665246402602203024e-02
1.027043496948132628e-01
3.091776130765889335e-02
2.187367285230682953e-02
-8.926272775350217042e-03
7.785699080997279808e-02
-1.101497311421125169e-01
1.190070094541764191e-02
-8.465320288776836954e-02
5.142448203568646820e-02
-6.066106285406425852e-03
-3.698647419145583565e-02
-1.020912371904372784e-02
-9.101612228825869955e-04
-6.923921742516221667e-02
-9.703760601584292267e-02
-1.041436400642012927e+00
-1.296686937223615388e+00
-4.963305137435894410e-01
-8.861907277179579268e-01
3.693834322631606715e-01
-8.510296801209434880e-01
-1.273866997876524021e+00
-6.376148006744789543e-01
-3.320653919867140869e-01
1.337299100981598210e-01
-5.615925600674016582e-01
-9.684212077453085987e-01
3.684248133851312224e-01
-1.745158519298861677e-01
-6.230560930548328935e-01
-1.114799627493969991e+00
-6.369152540830229636e-01
3.286985846162052693e-01
-4.257132803643407515e-01
-1.521464803882728312e-01
-1.274025966832882162e+00
-8.754126256235387205e-01
-3.661073880233102207e-01
-5.620018413268994539e-01
-5.701858716742563837e-01
-7.102380305621518453e-01
-7.499442113636652918e-01
-3.657859231195409455e-03
-3.869053746779896330e-01
-9.712653714815583372e-02
-6.032621168226778297e-01
-3.976616849116022534e-01
-1.051194385076635041e-01
1.296804081750445592e-01
6.542641950287649000e-03
-9.948333256976219507e-01
-8.300411062328955092e-01
9.364448827295643318e-02
-6.421437705632984105e-01
-6.273049181427654553e-01
-3.518746470067399268e-01
1.873788182609585906e-01
-5.877409709439479490e-02
-2.991722331491480924e-01
-3.251917777732763470e-01
-7.014995737678419996e-02
-8.801919652040945952e-02
-8.027348688645197239e-02
2.594725625069577157e-02
-9.646339714444015501e-01
-1.503379543416896169e+00
1.959799853229489131e-01
-8.797248599243525646e-01
-1.108308391370975698e-01
3.613979730868103202e-01
-1.058891966938108609e-01
-7.116913487416441919e-01
-5.044613751828442849e-01
-1.126732799296763510e-01
-1.422350081051598991e+00
