i	j	i_id	j_id	r_sco	s_sco	prob
73	96	73_S	96_T	0.6740	3.646	1.000
66	102	66_V	102_Y	0.6423	3.475	1.000
163	167	163_F	167_A	0.5419	2.931	1.000
76	92	76_W	92_A	0.5259	2.845	1.000
97	142	97_I	142_S	0.4677	2.530	1.000
22	25	22_L	25_T	0.4491	2.429	1.000
94	149	94_F	149_F	0.4453	2.409	1.000
34	122	34_S	122_V	0.4061	2.197	1.000
89	152	89_M	152_Q	0.4010	2.169	1.000
71	173	71_G	173_H	0.3977	2.151	1.000
144	168	144_F	168_G	0.3914	2.117	1.000
111	131	111_Y	131_T	0.3769	2.039	1.000
104	135	104_T	135_G	0.3539	1.915	1.000
130	186	130_A	186_I	0.3499	1.893	1.000
73	95	73_S	95_I	0.3476	1.881	1.000
146	150	146_I	150_F	0.3437	1.859	1.000
105	109	105_L	109_S	0.3403	1.841	1.000
23	133	23_F	133_F	0.3399	1.839	1.000
94	98	94_F	98_T	0.3297	1.784	1.000
30	126	30_A	126_T	0.3272	1.770	1.000
108	112	108_A	112_Y	0.3231	1.748	1.000
90	152	90_L	152_Q	0.3187	1.724	0.999
130	182	130_A	182_L	0.3158	1.708	0.999
17	170	17_I	170_W	0.3116	1.685	0.999
81	89	81_L	89_M	0.3087	1.670	0.999
66	106	66_V	106_L	0.3011	1.629	0.999
97	146	97_I	146_I	0.2978	1.611	0.999
74	145	74_I	145_L	0.2939	1.590	0.999
145	168	145_L	168_G	0.2939	1.590	0.999
74	169	74_I	169_A	0.2864	1.550	0.998
173	176	173_H	176_D	0.2854	1.544	0.998
90	149	90_L	149_F	0.2848	1.541	0.998
32	185	32_Y	185_S	0.2841	1.537	0.998
109	113	109_S	113_E	0.2807	1.518	0.998
76	80	76_W	80_S	0.2673	1.446	0.996
29	33	29_W	33_H	0.2653	1.435	0.996
134	137	134_H	137_H	0.2651	1.434	0.996
77	165	77_A	165_F	0.2634	1.425	0.996
165	169	165_F	169_A	0.2623	1.419	0.995
85	88	85_D	88_H	0.2615	1.415	0.995
59	106	59_V	106_L	0.2615	1.414	0.995
104	142	104_T	142_S	0.2578	1.395	0.995
13	17	13_M	17_I	0.2562	1.386	0.994
91	94	91_Q	94_F	0.2513	1.359	0.993
100	142	100_G	142_S	0.2505	1.355	0.993
136	140	136_L	140_I	0.2498	1.351	0.993
65	69	65_S	69_A	0.2486	1.345	0.992
73	99	73_S	99_L	0.2471	1.337	0.992
90	153	90_L	153_L	0.2464	1.333	0.992
104	139	104_T	139_I	0.2413	1.305	0.990
127	131	127_F	131_T	0.2380	1.288	0.989
77	93	77_A	93_L	0.2351	1.272	0.987
72	76	72_V	76_W	0.2338	1.265	0.987
73	92	73_S	92_A	0.2296	1.242	0.985
171	175	171_Y	175_V	0.2278	1.232	0.983
126	130	126_T	130_A	0.2271	1.229	0.983
77	89	77_A	89_M	0.2252	1.218	0.982
80	92	80_S	92_A	0.2251	1.218	0.982
150	154	150_F	154_K	0.2216	1.199	0.979
20	110	20_E	110_E	0.2210	1.196	0.979
105	108	105_L	108_A	0.2180	1.179	0.976
171	174	171_Y	174_F	0.2161	1.169	0.975
141	171	141_G	171_Y	0.2160	1.168	0.975
79	83	79_H	83_E	0.2153	1.165	0.974
75	78	75_T	78_H	0.2152	1.164	0.974
142	146	142_S	146_I	0.2137	1.156	0.972
101	105	101_V	105_L	0.2126	1.150	0.971
86	90	86_R	90_L	0.2119	1.146	0.971
97	145	97_I	145_L	0.2089	1.130	0.967
134	179	134_H	179_W	0.2067	1.118	0.965
138	175	138_V	175_V	0.2051	1.109	0.962
148	168	148_C	168_G	0.2049	1.109	0.962
7	11	7_K	11_Y	0.2041	1.104	0.961
110	187	110_E	187_Y	0.2039	1.103	0.961
81	165	81_L	165_F	0.2030	1.098	0.960
27	130	27_F	130_A	0.2012	1.089	0.957
139	143	139_I	143_T	0.2001	1.083	0.955
129	133	129_V	133_F	0.1993	1.078	0.954
14	18	14_I	18_I	0.1992	1.078	0.954
91	153	91_Q	153_L	0.1990	1.077	0.954
172	179	172_W	179_W	0.1986	1.074	0.953
77	92	77_A	92_A	0.1982	1.072	0.952
24	137	24_F	137_H	0.1978	1.070	0.951
27	129	27_F	129_V	0.1964	1.062	0.949
61	65	61_L	65_S	0.1960	1.060	0.948
82	166	82_M	166_E	0.1959	1.060	0.948
59	109	59_V	109_S	0.1941	1.050	0.945
22	26	22_L	26_G	0.1923	1.040	0.941
185	191	185_S	191_S	0.1913	1.035	0.939
143	147	143_T	147_V	0.1901	1.028	0.936
141	174	141_G	174_F	0.1881	1.018	0.932
185	190	185_S	190_G	0.1870	1.011	0.929
91	95	91_Q	95_I	0.1864	1.008	0.927
149	153	149_F	153_L	0.1850	1.001	0.924
64	67	64_T	67_L	0.1829	0.990	0.919
101	142	101_V	142_S	0.1822	0.986	0.917
184	188	184_V	188_W	0.1806	0.977	0.912
54	114	54_L	114_A	0.1794	0.971	0.908
107	127	107_Q	127_F	0.1784	0.965	0.905
151	164	151_R	164_G	0.1784	0.965	0.905
174	178	174_F	178_V	0.1760	0.952	0.897
103	179	103_F	179_W	0.1752	0.948	0.894
86	155	86_R	155_F	0.1749	0.946	0.893
179	182	179_W	182_L	0.1746	0.945	0.892
90	94	90_L	94_F	0.1744	0.943	0.891
70	99	70_S	99_L	0.1741	0.942	0.890
4	7	4_A	7_K	0.1729	0.935	0.886
141	172	141_G	172_W	0.1721	0.931	0.883
5	8	5_V	8_G	0.1717	0.929	0.881
102	106	102_Y	106_L	0.1716	0.929	0.881
127	135	127_F	135_G	0.1714	0.927	0.880
75	79	75_T	79_H	0.1711	0.926	0.879
92	95	92_A	95_I	0.1699	0.919	0.874
176	179	176_D	179_W	0.1690	0.914	0.870
12	16	12_G	16_F	0.1677	0.907	0.865
102	105	102_Y	105_L	0.1676	0.907	0.865
140	144	140_I	144_F	0.1676	0.907	0.865
134	138	134_H	138_V	0.1671	0.904	0.862
88	92	88_H	92_A	0.1665	0.901	0.860
28	178	28_F	178_V	0.1664	0.900	0.859
164	167	164_G	167_A	0.1660	0.898	0.857
63	106	63_N	106_L	0.1660	0.898	0.857
181	185	181_F	185_S	0.1656	0.896	0.855
63	182	63_N	182_L	0.1648	0.892	0.852
36	189	36_L	189_W	0.1646	0.890	0.850
103	134	103_F	134_H	0.1645	0.890	0.850
17	71	17_I	71_G	0.1639	0.887	0.848
31	35	31_F	35_S	0.1635	0.884	0.845
140	171	140_I	171_Y	0.1630	0.882	0.843
67	103	67_L	103_F	0.1625	0.879	0.840
100	172	100_G	172_W	0.1611	0.871	0.833
97	149	97_I	149_F	0.1596	0.863	0.825
70	110	70_S	110_E	0.1580	0.855	0.817
137	173	137_H	173_H	0.1579	0.854	0.816
35	38	35_S	38_P	0.1575	0.852	0.814
18	21	18_I	21_V	0.1574	0.852	0.814
60	107	60_P	107_Q	0.1566	0.847	0.809
16	171	16_F	171_Y	0.1564	0.846	0.808
129	132	129_V	132_G	0.1558	0.843	0.804
84	158	84_G	158_T	0.1537	0.832	0.792
20	137	20_E	137_H	0.1526	0.825	0.784
58	62	58_E	62_L	0.1523	0.824	0.783
139	142	139_I	142_S	0.1522	0.823	0.782
89	165	89_M	165_F	0.1518	0.821	0.780
100	175	100_G	175_V	0.1513	0.819	0.777
16	20	16_F	20_E	0.1512	0.818	0.776
177	184	177_V	184_V	0.1509	0.816	0.774
89	93	89_M	93_L	0.1509	0.816	0.774
183	187	183_Y	187_Y	0.1499	0.811	0.768
107	184	107_Q	184_V	0.1497	0.810	0.766
91	154	91_Q	154_K	0.1496	0.809	0.765
27	133	27_F	133_F	0.1495	0.809	0.765
67	179	67_L	179_W	0.1490	0.806	0.761
20	187	20_E	187_Y	0.1484	0.803	0.758
17	21	17_I	21_V	0.1482	0.802	0.756
145	148	145_L	148_C	0.1476	0.799	0.752
83	101	83_E	101_V	0.1476	0.798	0.751
80	88	80_S	88_H	0.1475	0.798	0.751
76	79	76_W	79_H	0.1470	0.795	0.747
175	179	175_V	179_W	0.1470	0.795	0.747
13	16	13_M	16_F	0.1467	0.794	0.746
18	22	18_I	22_L	0.1458	0.789	0.739
147	150	147_V	150_F	0.1445	0.782	0.730
172	175	172_W	175_V	0.1443	0.781	0.729
78	82	78_H	82_M	0.1441	0.780	0.727
30	34	30_A	34_S	0.1439	0.779	0.726
66	99	66_V	99_L	0.1437	0.777	0.723
137	171	137_H	171_Y	0.1436	0.777	0.723
110	176	110_E	176_D	0.1424	0.770	0.714
91	98	91_Q	98_T	0.1417	0.766	0.708
74	168	74_I	168_G	0.1416	0.766	0.708
28	181	28_F	181_F	0.1415	0.765	0.706
95	98	95_I	98_T	0.1410	0.763	0.704
69	72	69_A	72_V	0.1404	0.760	0.699
111	182	111_Y	182_L	0.1403	0.759	0.698
34	126	34_S	126_T	0.1403	0.759	0.698
103	107	103_F	107_Q	0.1402	0.758	0.696
133	138	133_F	138_V	0.1394	0.754	0.691
21	178	21_V	178_V	0.1394	0.754	0.691
131	134	131_T	134_H	0.1387	0.751	0.686
80	83	80_S	83_E	0.1383	0.748	0.682
175	182	175_V	182_L	0.1374	0.743	0.674
104	108	104_T	108_A	0.1366	0.739	0.668
107	111	107_Q	111_Y	0.1361	0.736	0.664
70	176	70_S	176_D	0.1358	0.734	0.660
24	134	24_F	134_H	0.1357	0.734	0.660
47	123	47_P	123_Y	0.1353	0.732	0.657
88	91	88_H	91_Q	0.1350	0.730	0.654
99	177	99_L	177_V	0.1350	0.730	0.654
5	12	5_V	12_G	0.1348	0.729	0.653
71	176	71_G	176_D	0.1346	0.728	0.651
17	20	17_I	20_E	0.1340	0.725	0.647
138	182	138_V	182_L	0.1339	0.724	0.645
30	86	30_A	86_R	0.1338	0.724	0.645
98	105	98_T	105_L	0.1336	0.723	0.643
82	162	82_M	162_H	0.1335	0.722	0.642
32	171	32_Y	171_Y	0.1332	0.721	0.640
82	155	82_M	155_F	0.1327	0.718	0.635
13	167	13_M	167_A	0.1325	0.717	0.634
107	131	107_Q	131_T	0.1322	0.715	0.631
17	174	17_I	174_F	0.1310	0.708	0.619
172	176	172_W	176_D	0.1302	0.705	0.615
33	37	33_H	37_A	0.1301	0.704	0.613
98	102	98_T	102_Y	0.1299	0.703	0.611
139	150	139_I	150_F	0.1298	0.702	0.610
19	178	19_S	178_V	0.1296	0.701	0.608
31	34	31_F	34_S	0.1288	0.697	0.601
24	103	24_F	103_F	0.1284	0.695	0.598
141	145	141_G	145_L	0.1281	0.693	0.595
6	161	6_Q	161_H	0.1279	0.692	0.593
81	162	81_L	162_H	0.1278	0.691	0.592
21	181	21_V	181_F	0.1277	0.691	0.592
148	165	148_C	165_F	0.1276	0.690	0.590
10	166	10_R	166_E	0.1274	0.689	0.588
6	11	6_Q	11_Y	0.1271	0.687	0.585
121	124	121_G	124_G	0.1271	0.687	0.585
134	173	134_H	173_H	0.1268	0.686	0.583
29	36	29_W	36_L	0.1268	0.686	0.583
63	107	63_N	107_Q	0.1266	0.685	0.582
186	190	186_I	190_G	0.1264	0.684	0.580
134	171	134_H	171_Y	0.1264	0.684	0.580
47	50	47_P	50_G	0.1264	0.684	0.580
133	144	133_F	144_F	0.1262	0.683	0.578
57	183	57_L	183_Y	0.1262	0.683	0.578
118	124	118_I	124_G	0.1257	0.680	0.573
68	176	68_L	176_D	0.1248	0.675	0.565
12	20	12_G	20_E	0.1248	0.675	0.565
13	144	13_M	144_F	0.1246	0.674	0.563
107	135	107_Q	135_G	0.1243	0.673	0.561
4	11	4_A	11_Y	0.1243	0.672	0.560
109	112	109_S	112_Y	0.1241	0.671	0.558
52	154	52_H	154_K	0.1238	0.670	0.556
20	171	20_E	171_Y	0.1237	0.669	0.555
143	155	143_T	155_F	0.1236	0.668	0.553
94	146	94_F	146_I	0.1233	0.667	0.551
124	127	124_G	127_F	0.1231	0.666	0.549
20	175	20_E	175_V	0.1226	0.663	0.544
134	176	134_H	176_D	0.1224	0.662	0.543
109	153	109_S	153_L	0.1221	0.660	0.539
77	152	77_A	152_Q	0.1217	0.658	0.536
108	191	108_A	191_S	0.1213	0.656	0.532
74	93	74_I	93_L	0.1211	0.655	0.531
12	17	12_G	17_I	0.1209	0.654	0.529
10	15	10_R	15_L	0.1205	0.652	0.526
64	134	64_T	134_H	0.1205	0.652	0.526
7	163	7_K	163_F	0.1202	0.650	0.522
98	184	98_T	184_V	0.1200	0.649	0.520
114	127	114_A	127_F	0.1200	0.649	0.520
67	70	67_L	70_S	0.1200	0.649	0.520
107	124	107_Q	124_G	0.1197	0.648	0.519
66	70	66_V	70_S	0.1196	0.647	0.517
26	180	26_G	180_L	0.1194	0.646	0.515
111	128	111_Y	128_F	0.1190	0.644	0.512
55	58	55_N	58_E	0.1189	0.643	0.510
118	125	118_I	125_S	0.1189	0.643	0.510
143	146	143_T	146_I	0.1188	0.643	0.510
99	103	99_L	103_F	0.1188	0.643	0.510
141	173	141_G	173_H	0.1187	0.642	0.508
44	48	44_G	48_P	0.1187	0.642	0.508
103	137	103_F	137_H	0.1184	0.640	0.505
10	13	10_R	13_M	0.1183	0.640	0.505
170	174	170_W	174_F	0.1178	0.638	0.502
148	164	148_C	164_G	0.1178	0.637	0.500
101	139	101_V	139_I	0.1178	0.637	0.500
64	71	64_T	71_G	0.1177	0.637	0.500
87	91	87_K	91_Q	0.1176	0.636	0.498
7	10	7_K	10_R	0.1175	0.636	0.498
64	103	64_T	103_F	0.1173	0.635	0.496
98	136	98_T	136_L	0.1168	0.632	0.491
37	42	37_A	42_L	0.1167	0.631	0.490
100	103	100_G	103_F	0.1167	0.631	0.490
176	187	176_D	187_Y	0.1166	0.631	0.490
179	187	179_W	187_Y	0.1165	0.630	0.488
76	88	76_W	88_H	0.1162	0.629	0.486
26	29	26_G	29_W	0.1160	0.628	0.484
32	174	32_Y	174_F	0.1159	0.627	0.483
144	148	144_F	148_C	0.1158	0.626	0.481
63	131	63_N	131_T	0.1157	0.626	0.481
8	21	8_G	21_V	0.1155	0.625	0.479
173	177	173_H	177_V	0.1151	0.623	0.476
12	28	12_G	28_F	0.1149	0.622	0.474
83	155	83_E	155_F	0.1149	0.622	0.474
