8.974270789473686172e-01 8.336279894736842166e-01 3.771657000526315584e-01
9.264428941176471310e-01 8.099007333333332337e-01 3.685703307843137266e-01
9.043574372881355572e-01 8.372363084745763073e-01 2.901584284067796893e-01
8.154335922330098185e-01 8.930892686084141996e-01 4.914500647572813685e-01
9.195421931464174969e-01 8.313539003115264503e-01 1.941551841121495203e-01
9.302990398773006708e-01 8.159945889570553446e-01 2.624300276380368557e-01
9.421903421052632011e-01 8.000994289473684073e-01 2.671807448421052444e-01
8.203577361809045732e-01 9.231858969849245922e-01 3.708974698492462085e-01
9.212158705882352860e-01 8.235361458823529102e-01 2.801585412941176578e-01
9.397482952755905616e-01 7.952788320209973616e-01 2.517826834383201651e-01
9.494192772277226799e-01 7.874591336633662841e-01 2.041104532797029525e-01
7.816044251207731053e-01 9.149255688405798503e-01 5.147922789855071679e-01
9.108781540983608149e-01 8.248324786885246063e-01 2.858287680218579152e-01
9.252479138110073498e-01 8.069848743509865363e-01 2.920773743302180758e-01
8.646931640866875046e-01 8.608575665634675689e-01 4.335922186584107441e-01
7.851162938144330417e-01 9.292076505154640564e-01 4.861164474226803978e-01
9.430084732510289891e-01 7.996841656378600449e-01 2.617056584979423617e-01
9.363123583162218377e-01 8.015155770020533366e-01 2.315284361601642749e-01
9.264405092213112702e-01 8.191021854508196975e-01 2.653392684631147302e-01
7.874843200408997435e-01 9.189646809815952277e-01 5.265407205214723829e-01
9.359964142857142289e-01 8.057864326530613797e-01 2.802965434285714097e-01
8.592113656565657509e-01 8.721656323232322983e-01 3.639891036161616023e-01
9.513134630940346392e-01 7.931981971688574218e-01 1.826758652275025374e-01
8.167672982810920690e-01 9.140417684529829057e-01 4.120183822143579366e-01
8.977576149999999533e-01 8.479028760000000275e-01 2.982017351000000871e-01
8.760651922310759288e-01 8.492669193227090352e-01 4.801935810557768081e-01
9.088679940357853315e-01 8.256496968190852881e-01 4.066535782007952293e-01
8.610681595639246844e-01 8.847284380574825802e-01 3.341785728444004455e-01
8.507159414101289618e-01 8.752273316782522850e-01 4.154435227507447537e-01
8.330698908554571291e-01 9.176396764995081723e-01 3.485829265880039385e-01
8.208704530332681104e-01 9.067481682974560808e-01 4.053755209295498707e-01
8.958205562072337758e-01 8.355893176930596633e-01 4.229174001759530288e-01
8.108590408560312213e-01 9.154874056420235773e-01 4.596081708852139958e-01
8.852183109161795294e-01 8.439498918128655047e-01 4.628162712962962666e-01
8.562573780607248830e-01 8.718705093046033028e-01 4.410594551322232215e-01
8.571487338551857516e-01 8.942242769080234188e-01 3.155632896575342738e-01
7.920249259259259933e-01 9.283586413255360270e-01 4.213774860331382932e-01
9.402955869140625644e-01 7.954663701171874601e-01 2.679513389648437438e-01
9.211090349819058831e-01 8.263511338962604702e-01 2.469544082629674120e-01
9.300647376586742565e-01 8.068205472496473574e-01 2.606012469393512165e-01
9.428271769911505951e-01 7.919145726927938611e-01 2.678527143868520977e-01
8.459193219094247596e-01 8.728174235006120885e-01 3.927492072215421626e-01
9.074827901639346273e-01 8.253635114754098723e-01 3.917742160546447971e-01
8.120010559371934056e-01 9.197879617271835784e-01 4.025959705593719629e-01
9.464301784313725596e-01 7.883243686274510331e-01 2.326784448921568327e-01
9.362441604696672970e-01 8.099612025440311447e-01 3.148196034540117205e-01
8.080411886608016570e-01 9.191808084066470652e-01 4.247760723460409782e-01
8.799098563049854160e-01 8.481565953079179820e-01 4.499753448289344759e-01
9.424551578431372700e-01 7.985383960784313562e-01 2.004654591274509789e-01
8.273390136585365706e-01 9.201661297560975727e-01 3.426026579024389895e-01
8.098785744888025162e-01 9.296470360272638400e-01 3.754031616358324275e-01
8.961374541015625361e-01 8.490322626953124008e-01 2.427342453125000132e-01
9.151320567514676929e-01 8.197614657534245675e-01 2.544187025929549595e-01
9.085043219844357587e-01 8.322118287937743109e-01 2.984831722178988289e-01
8.870670184824903659e-01 8.422865943579765924e-01 4.586127324902724012e-01
9.345443605108056939e-01 8.029066119842829252e-01 2.407002504616896077e-01
9.606718383937319361e-01 7.827958472086190556e-01 1.709485019784525162e-01
9.552484292682928979e-01 7.857401278048781190e-01 1.754243044000000085e-01
8.948585740740739869e-01 8.551197446393763446e-01 2.529273052241715058e-01
9.322704956097562778e-01 8.059291121951219772e-01 2.595356905853658525e-01
9.211085034213096767e-01 8.437145366568914451e-01 1.698287273118279650e-01
8.481123239024391802e-01 8.745403180487805184e-01 5.219998250439024101e-01
8.825208937621832339e-01 8.519235185185186632e-01 3.219659241423002416e-01
9.408360399221030734e-01 7.948299483933786158e-01 1.483489225121713551e-01
7.966282822265625674e-01 9.290183525390625086e-01 4.377789908886718373e-01
8.094313828124999333e-01 9.140055957031251177e-01 4.547726803710937515e-01
9.555017392156862632e-01 7.839604196078430176e-01 1.781751289215686151e-01
8.363421762977473195e-01 9.137496581782564853e-01 3.368238289422135212e-01
8.317558515624998705e-01 8.904560214843750821e-01 4.241295905078124595e-01
8.912784677734375549e-01 8.417753378906251971e-01 3.508498613671874877e-01
9.394447336585365349e-01 7.958946078048779738e-01 2.291222067707317234e-01
9.169997041015625072e-01 8.395479511718749732e-01 2.079217747949218542e-01
9.409327011718749967e-01 8.028267851562498336e-01 3.172942350488281438e-01
9.131775772994128459e-01 8.256823669275928923e-01 3.616534439236790410e-01
9.201804692682925557e-01 8.228106136585365826e-01 2.335605139707317146e-01
8.182525507812499210e-01 8.930133603515625351e-01 4.886445039160155490e-01
8.775806232876711688e-01 8.485449931506849897e-01 3.388104824070449217e-01
8.073975146771037448e-01 9.149993581213307081e-01 4.422631461252445884e-01
9.303768287671233539e-01 8.073008502935420383e-01 2.761560945499020869e-01
9.232026202158980510e-01 8.079652649656525742e-01 3.337173671540726305e-01
7.942938233562314432e-01 9.148143101079491135e-01 5.014625590677134204e-01
9.350419960899316596e-01 7.994071984359727434e-01 2.659650639687194951e-01
9.147975568627451093e-01 8.163769499999999901e-01 2.890171298921568321e-01
9.253991242718445642e-01 7.999334145631070703e-01 3.113113129708737215e-01
9.356633965517240359e-01 7.986579604462473725e-01 2.629274148985801252e-01
9.059678045197741003e-01 8.279708000000000068e-01 3.128934662598869543e-01
9.286882182044887690e-01 8.070105922693266987e-01 2.824505525187032684e-01
9.469344742606791154e-01 7.910676451259582853e-01 2.377859896604600232e-01
8.457766541129830840e-01 8.998122715559960794e-01 3.480466558374628039e-01
9.290350789220405137e-01 8.072764379210779495e-01 2.827095182290664255e-01
9.413953965351299358e-01 7.966412184793069118e-01 3.115124833878729627e-01
8.655053539054967660e-01 8.586068698167792501e-01 4.187910472613307067e-01
8.574807148362235676e-01 8.710755664739885384e-01 3.559348785549132921e-01
9.423426614936956103e-01 7.951708147429680240e-01 2.461674443743938345e-01
8.301627610789981127e-01 8.842749161849711159e-01 5.174255568593448817e-01
8.052771502392345182e-01 9.245773703349283723e-01 4.209915410047845863e-01
9.450194847036329504e-01 7.945827390057361717e-01 2.156221568929254651e-01
8.783152013422820259e-01 8.487599300095876043e-01 3.691019450047938188e-01
8.495311320574163716e-01 8.708019808612441626e-01 5.206371837320572515e-01
8.000532822966508473e-01 9.257401320574163428e-01 4.330712743444976587e-01
9.264429089165868714e-01 8.085837574304889364e-01 2.741050284947267324e-01
8.640085431861803666e-01 8.787237101727447541e-01 3.154565617946256673e-01
9.607437831094053360e-01 7.828621900191939931e-01 1.736090848080614202e-01
9.278112490384614608e-01 8.049956682692307464e-01 1.875165767019230934e-01
9.173500453230473139e-01 8.206793105110896658e-01 2.647873148794599452e-01
7.931306759348033530e-01 9.142754765100671310e-01 4.992295541706614492e-01
9.262971365384614630e-01 8.156067740384614906e-01 3.532188243942307460e-01
9.378935992292871671e-01 8.014219402697495553e-01 2.542421147591522046e-01
9.096998725868726821e-01 8.250059826254825257e-01 3.364546994401544366e-01
7.871958596321393387e-01 9.251753204259440810e-01 4.992959157792835612e-01
8.854566011560693894e-01 8.550929836223507552e-01 3.022410257707129344e-01
9.439375732177264222e-01 7.946146387283236079e-01 2.359673247302504773e-01
7.864937909441233055e-01 9.286002543352601668e-01 4.821453082851637761e-01
8.548339122468657791e-01 8.840664271938283303e-01 3.505952947830279220e-01
9.301897265700485029e-01 8.061819314009661674e-01 2.632377551304347918e-01
8.247912833655705045e-01 8.949480483558995836e-01 4.392781503578335744e-01
8.375743046421665339e-01 8.747181518375242160e-01 5.411854216634427450e-01
9.020785488867376634e-01 8.342220861568248047e-01 3.226343644143271905e-01
9.388641937682571381e-01 7.983420710808178944e-01 2.446997061538461471e-01
9.175099281553398267e-01 8.195384776699029539e-01 2.557539795825242712e-01
9.446243928225024344e-01 7.966321212415129471e-01 2.219419008729389131e-01
9.705917699711262836e-01 7.590293407122231661e-01 2.120359782001924875e-01
8.798991328200191919e-01 8.591026179018286246e-01 3.288348374013473907e-01
9.047157364864865103e-01 8.365009198841698579e-01 3.203314771621621482e-01
8.559814764196341796e-01 8.729729230028874243e-01 4.401696621751683969e-01
8.525637851637765108e-01 8.640210886319846795e-01 3.948005424470134583e-01
9.396686789168279264e-01 7.971906963249516531e-01 2.683557457059961293e-01
8.168811857976655544e-01 9.261149523346301482e-01 3.550504520233462302e-01
7.901308408644400760e-01 9.279102141453832164e-01 4.694499476129666005e-01
9.456571295454546666e-01 7.961057624999999804e-01 2.217937320568181825e-01
9.387916686656671006e-01 8.025221919040479435e-01 2.735574324887555808e-01
9.001028766564729278e-01 8.523158430173293221e-01 2.592834038430173460e-01
8.161021203610833163e-01 9.294695035105314807e-01 3.464255185556670003e-01
7.847745898203593029e-01 9.272707714570858073e-01 4.914257554890219537e-01
9.415984277168494287e-01 7.969513379860418967e-01 2.517140026520438556e-01
9.619079648946843308e-01 7.807138294884654606e-01 1.709384518655968077e-01
9.518103206030148478e-01 7.952592693467337437e-01 2.317034201708542407e-01
8.056780070351757805e-01 9.068033879396985020e-01 4.807969407135677664e-01
9.604428731117826690e-01 7.804808791540785995e-01 1.661063341591137998e-01
9.241725464646467492e-01 8.131643313131313722e-01 2.782504822121211752e-01
8.667366514690983959e-01 8.565074346504560898e-01 3.617229530597771414e-01
9.338768798370673530e-01 8.030036425661915001e-01 2.264425030753564327e-01
9.250787425944840825e-01 8.117954862104188596e-01 2.621744636567925890e-01
8.057230796731358335e-01 9.154970827374873110e-01 4.720862693258426890e-01
9.172390888661899888e-01 8.222423421859040849e-01 3.268573682226761923e-01
9.426711958974359762e-01 7.962340471794870922e-01 2.590938528410256514e-01
8.284275595482544219e-01 9.011592381930184636e-01 3.964913926180698156e-01
7.932201859504131036e-01 9.204190371900827783e-01 4.845075685433883894e-01
9.345998322916666545e-01 8.032765322916667339e-01 3.137181560312499728e-01
9.260074350104821050e-01 8.124159119496854320e-01 2.389213140985324835e-01
7.937315882352941054e-01 9.253303970588238059e-01 4.688570584768907423e-01
9.443178090717300188e-01 7.965090886075948395e-01 1.783077772362869073e-01
8.857471620762711328e-01 8.565271430084745452e-01 2.824153654131356106e-01
8.055541920172599735e-01 9.079938899676375241e-01 4.965823847788564671e-01
9.229461408296943947e-01 8.165529901746723107e-01 3.324275918668121999e-01
9.257597435508346795e-01 8.074144203338392556e-01 3.106628732625189571e-01
9.432732124183007549e-01 7.920102352941175150e-01 2.676590906209149745e-01
9.398348760162601456e-01 8.018229735772357536e-01 2.580178016666666574e-01
9.192925190380762945e-01 8.151715531062123654e-01 3.280263842284569242e-01
9.296701788990826554e-01 8.106360397553517005e-01 3.242459884250764590e-01
8.264020366032210907e-01 8.999729062957541048e-01 4.117698395021961999e-01
9.009708312499998817e-01 8.356297187500001389e-01 3.930835307343749641e-01
8.735937006688965223e-01 8.559980334448160644e-01 3.290218205852842304e-01
8.356655980551052076e-01 9.124106823338734573e-01 3.408186223987033636e-01
8.221092754098359157e-01 9.051476213114754144e-01 4.141625765081967114e-01
8.050349983633386941e-01 9.279978854337150862e-01 4.015129694599017807e-01
9.712864769736844206e-01 7.594700361842103842e-01 2.049009458059209976e-01
9.537068976897689065e-01 7.898582079207920881e-01 1.349465491254125404e-01
9.051247595628415521e-01 8.342023460837886262e-01 2.720246322404372141e-01
8.664207286245353412e-01 8.649576877323420510e-01 4.131347546840148932e-01
8.324886227272727535e-01 8.947407363636363797e-01 3.913788865000000228e-01
9.457206298701300584e-01 7.948584415584416529e-01 2.403043642207792208e-01
