8.486248571428571807e-01 8.997569999999999180e-01 3.187104999999999522e-01
9.557347857142858283e-01 7.846649285714285549e-01 2.819087857142857367e-01
9.258290000000000131e-01 8.044810000000000016e-01 2.830544711764705901e-01
9.124675263157895344e-01 8.145305000000000462e-01 3.717688597368420944e-01
9.392022105263158060e-01 8.029614210526313522e-01 2.708763421052631237e-01
9.556857894736845438e-01 7.928100263157894512e-01 2.342482368421052452e-01
9.591912894736840389e-01 7.861431315789473295e-01 1.994604742105263451e-01
8.417127894736841087e-01 8.762014736842105300e-01 5.697075789473685647e-01
8.097602105263156380e-01 9.356629473684210385e-01 3.453611578947368144e-01
8.435829473684209878e-01 9.075450263157894826e-01 3.448931842105263379e-01
9.583657894736843375e-01 7.872425526315789401e-01 2.019316931578947205e-01
7.813223684210527376e-01 9.215240263157896683e-01 5.347674210526318639e-01
7.918764736842103247e-01 9.274412894736840940e-01 4.579955789473682537e-01
9.377831842105261995e-01 8.235362105263160926e-01 1.439926231578947668e-01
8.401292105263158394e-01 8.889876052631578984e-01 4.005060526315789016e-01
9.660591315789472944e-01 7.687443947368418629e-01 2.117200878947368414e-01
9.501153421052629389e-01 7.926759999999999362e-01 2.510147721052632397e-01
7.820123421052629364e-01 9.329284473684210655e-01 4.848342894736842879e-01
9.347852894736838891e-01 8.073165789473686349e-01 3.752837368421052533e-01
9.649705263157892787e-01 7.742152368421050257e-01 1.859324913157895109e-01
9.558075526315789050e-01 7.843214210526314734e-01 2.010346581578947578e-01
9.582535526315792973e-01 7.883781578947368640e-01 2.238655439473683784e-01
9.413980526315789410e-01 8.249599999999999156e-01 1.215303160526316067e-01
9.621544210526311591e-01 7.780147631578945289e-01 2.373277631578947777e-01
9.277946578947368073e-01 8.174391052631581056e-01 3.137792894736842197e-01
8.239655263157894538e-01 9.259948684210526082e-01 3.457885263157894906e-01
7.816665263157893673e-01 9.232450789473685138e-01 5.330101842105263721e-01
9.521117105263159353e-01 7.886191052631579268e-01 2.357770621052632520e-01
9.444159473684211603e-01 7.994805789473684587e-01 2.898254650000000043e-01
7.824705789473682671e-01 9.331103684210525495e-01 4.825035263157891885e-01
9.541070789473683478e-01 7.885745789473685985e-01 8.037051947368421823e-02
9.660119736842105453e-01 7.706456315789472766e-01 1.922388510526316097e-01
9.642371315789471931e-01 7.721848157894736220e-01 2.190637105263158191e-01
9.601607368421051225e-01 7.673259473684210796e-01 2.561668247368421025e-01
9.560193421052630702e-01 7.806163947368418565e-01 2.931960000000000122e-01
8.910827105263156023e-01 8.416921052631578526e-01 3.477556142105261983e-01
9.142999473684212397e-01 8.176022631578945266e-01 4.268964386842104552e-01
9.411022105263160409e-01 7.991713157894736463e-01 2.601155092105262856e-01
9.635013684210524953e-01 7.748257894736840790e-01 2.099759300000000328e-01
7.711977631578949000e-01 9.277251315789475372e-01 5.451452894736844579e-01
8.046804473684208148e-01 9.322674210526314953e-01 3.912889473684209585e-01
8.604458947368419652e-01 8.615276315789471839e-01 4.576770526315787624e-01
9.661042962962964609e-01 7.783382592592590354e-01 1.648935185185185504e-01
8.394770000000000287e-01 8.777430000000000510e-01 5.742279999999999607e-01
