0
0
0
0
0
0
0
0
0
0
0
0
0
0
0
0
0
0
0
0
0
0
0
0
0
0
0
0
0
0
0
0
0
0
0
0
0
1
0
0
0
0
0
0
0
0
0
0
0
0
0
0
0
0
0
0
0
0
0
0
0
0
0
0
0
0
0
0
0
0
0
0
0
0
0
0
0
0
0
0
0
0
0
0
0
0
0
0
0
0
0
0
0
0
0
0
0
0
0
0
0
0
0
0
0
0
0
0
0
0
0
0
0
0
0
0
0
0
0
0
0
0
0
0
0
0
0
0
0
0
0
0
0
0
0
0
0
0
0
0
0
0
0
0
0
0
0
0
0
0
0
0
0
0
0
0
0
0
0
0
0
0
0
0
0
0
0
0
0
0
0
0
0
0
0
0
0
0
0
0
0
0
0
0
0
0
0
0
1
0
0
0
0
0
0
0
0
0
0
0
0
0
0
0
0
0
0
0
0
0
0
0
0
0
0
0
0
0
0
0
1
0
0
0
0
0
0
0
0
0
0
0
0
0
0
0
0
0
0
0
0
0
0
0
0
0
0
0
0
0
0
0
0
0
0
0
0
0
0
0
0
0
0
0
0
0
0
0
0
0
1
1
0
0
0
0
0
0
0
0
0
0
0
0
0
0
1
0
0
0
0
0
0
0
0
0
0
0
0
0
0
0
0
0
0
0
0
0
0
0
0
0
0
0
0
0
0
0
0
0
1
0
0
0
0
0
0
0
0
0
0
0
0
0
0
0
1
0
0
0
0
0
0
0
0
0
0
0
0
0
0
0
0
0
0
0
0
0
0
0
0
0
0
0
0
0
0
0
0
1
1
0
0
0
0
0
0
0
0
0
0
0
0
0
0
0
0
0
0
0
0
0
0
0
0
0
0
0
0
0
0
0
0
0
0
0
0
0
0
0
0
0
0
0
0
0
0
0
0
1
0
0
0
0
0
0
0
0
0
0
0
0
0
0
0
0
0
0
0
0
0
0
0
0
0
0
0
0
0
0
0
0
0
0
0
0
0
0
0
0
0
0
0
0
0
0
0
0
0
0
1
1
2
1
0
0
0
0
0
0
0
0
0
0
1
0
0
1
0
0
0
1
0
0
0
0
0
0
0
0
0
0
0
0
0
0
0
0
0
0
0
0
0
1
0
0
0
0
1
1
0
0
0
0
0
0
0
0
0
0
0
0
0
0
2
2
2
1
0
0
0
0
0
0
0
0
0
0
0
0
0
0
0
0
0
0
0
0
0
0
0
0
1
0
2
0
0
1
0
1
0
1
0
0
0
0
1
1
0
0
0
0
0
0
0
1
3
0
0
0
0
0
0
0
0
0
0
0
0
0
0
0
0
0
0
0
0
0
0
0
0
0
0
0
0
0
0
0
1
1
5
4
1
0
0
0
0
0
0
0
0
0
1
0
1
4
3
4
1
0
0
1
0
0
0
0
0
0
0
0
0
0
0
0
0
0
0
0
0
0
0
0
0
1
0
0
0
0
3
6
3
3
3
0
0
0
0
0
0
0
0
0
0
3
0
8
6
2
3
1
0
0
0
0
0
0
0
0
0
0
0
0
0
0
0
0
0
0
0
0
0
0
0
0
1
0
0
0
2
3
8
3
1
0
0
0
1
0
0
0
0
0
1
2
7
14
5
7
1
3
0
0
3
0
0
0
0
0
0
0
0
0
0
0
0
0
0
0
0
0
0
0
0
0
2
0
1
1
0
2
11
10
1
0
0
0
1
1
0
0
0
0
1
5
4
9
15
5
7
4
2
0
1
0
0
0
0
0
0
0
0
0
0
0
0
0
0
0
0
0
0
0
1
0
0
3
1
0
3
5
16
8
4
1
0
0
2
0
0
0
0
1
3
4
10
15
14
6
8
5
2
1
0
0
0
0
0
0
0
0
0
0
0
0
0
0
0
0
0
0
0
0
0
0
1
1
1
5
7
3
23
13
5
5
1
1
2
1
0
0
0
0
1
2
11
32
21
14
10
3
0
1
0
0
0
0
0
0
0
0
0
0
0
0
0
0
1
0
0
0
0
0
0
2
0
0
4
7
11
8
22
15
12
1
3
2
0
1
0
0
0
0
1
9
18
25
37
18
20
10
7
2
0
1
0
0
0
0
0
0
0
0
0
0
0
0
0
0
0
0
0
0
0
1
1
0
4
4
14
13
36
28
2
3
5
2
3
2
0
0
1
2
3
13
26
47
38
24
22
15
4
3
2
1
0
0
0
0
0
0
0
0
0
0
0
0
0
0
0
0
1
0
2
2
3
3
4
10
15
19
47
30
11
6
6
1
2
3
0
0
1
2
3
11
37
64
64
44
18
8
8
7
2
2
0
0
0
0
0
0
0
0
1
0
0
0
0
0
1
0
1
0
0
2
5
2
8
12
18
27
57
36
16
10
2
6
4
3
1
0
0
3
5
36
45
83
72
67
41
21
5
6
0
0
1
0
0
0
0
0
0
0
0
0
0
0
0
0
0
0
1
0
2
8
10
6
5
18
25
32
66
46
16
8
5
8
2
0
2
0
1
5
8
33
60
86
98
75
32
18
21
3
1
0
0
0
0
0
0
0
0
1
0
1
0
0
0
0
1
0
2
0
3
9
6
7
16
25
38
46
102
70
21
14
8
15
11
3
0
2
0
3
14
32
91
120
119
92
46
37
17
12
3
1
1
0
0
0
0
0
0
1
0
0
0
0
0
0
0
0
2
1
4
12
9
8
17
40
43
64
111
87
35
16
12
9
5
4
1
0
1
8
19
53
107
147
155
107
94
32
20
7
7
0
3
0
0
0
0
0
0
1
2
1
0
0
0
1
3
0
3
4
7
9
13
11
22
37
68
64
133
99
31
22
16
17
16
2
1
0
2
8
25
69
130
213
172
141
84
50
37
18
7
1
1
0
0
0
0
0
0
3
5
1
0
0
2
4
2
4
6
7
1
10
8
11
28
55
63
82
149
123
42
24
27
31
13
1
4
2
3
10
44
95
147
241
202
155
114
43
37
22
9
4
0
0
0
0
0
0
0
4
9
1
0
0
0
2
2
1
8
7
6
13
11
9
35
53
94
89
176
124
58
24
29
19
24
5
3
1
6
10
40
94
201
272
299
195
132
67
48
22
7
2
0
1
0
0
0
0
0
11
14
1
0
0
1
1
3
4
11
3
4
20
14
15
35
68
107
105
200
155
50
34
28
35
24
7
3
5
4
13
42
135
229
330
306
228
161
89
55
29
11
5
1
0
0
0
0
0
0
10
16
5
0
0
1
6
6
3
11
3
7
21
18
18
51
74
113
121
237
165
70
38
37
34
28
16
8
3
6
21
73
147
256
424
350
268
162
135
56
39
10
11
3
1
0
0
0
0
0
15
12
3
1
1
4
8
4
8
9
5
4
16
15
26
50
96
131
165
234
165
74
43
43
51
32
9
4
7
11
26
66
209
301
412
418
297
211
111
70
31
17
8
0
0
1
0
0
0
0
33
27
6
1
0
6
5
12
8
18
12
4
12
25
27
80
105
154
148
280
203
86
53
52
62
37
18
7
3
11
21
90
215
384
491
475
321
211
140
69
43
19
11
0
0
0
0
0
0
0
40
33
5
0
1
5
10
14
7
21
14
6
25
23
42
90
129
181
172
325
211
89
60
56
63
28
22
6
5
14
32
114
282
426
530
507
380
251
163
84
42
15
8
5
1
0
0
0
0
2
47
58
16
0
1
4
7
17
16
34
14
13
17
28
52
101
161
199
176
315
208
107
67
69
67
45
22
4
4
13
56
105
288
501
563
536
397
280
160
112
44
24
10
7
0
0
0
0
0
0
62
63
16
4
3
11
12
28
21
35
20
7
17
36
50
119
168
218
201
336
250
109
83
73
78
45
18
13
10
19
53
149
338
520
691
613
436
285
192
98
42
19
6
5
2
0
0
0
1
3
66
66
22
7
1
11
17
29
26
39
18
5
28
22
67
114
222
248
216
366
280
136
78
84
77
57
31
13
9
16
49
167
347
570
654
631
465
291
154
115
60
23
12
5
2
0
1
0
0
4
97
98
23
2
1
13
14
27
20
53
24
7
22
33
68
141
220
240
215
356
230
125
97
86
75
57
34
11
10
22
66
187
356
589
777
673
485
306
199
130
58
32
17
8
1
0
0
0
0
3
121
118
26
6
5
17
25
35
25
55
37
11
28
29
72
174
241
223
254
365
254
130
92
85
81
59
31
14
16
21
68
169
401
663
770
694
543
321
208
125
68
26
15
11
1
1
0
0
0
2
144
127
26
8
8
21
24
39
41
73
24
7
33
40
92
152
261
235
256
319
259
123
111
92
80
64
29
14
12
29
65
180
433
643
795
717
515
366
194
137
78
37
21
5
2
0
1
0
0
4
163
189
33
2
9
24
34
57
47
83
30
10
22
33
87
155
274
257
228
377
235
132
125
108
105
70
32
19
19
30
73
195
450
629
757
731
502
309
236
135
61
27
11
2
0
0
0
0
0
5
206
233
49
9
8
27
39
42
61
94
34
13
22
38
92
186
240
276
243
324
217
126
107
92
83
77
34
25
20
32
89
200
426
606
810
718
541
305
195
134
63
33
19
6
2
3
0
0
1
6
269
262
43
12
13
32
49
69
56
95
47
21
27
41
125
223
309
240
224
286
215
114
113
92
92
77
39
25
15
37
79
211
425
599
772
665
498
340
219
127
71
31
17
4
2
0
0
0
0
7
293
271
73
10
15
38
51
73
54
119
47
19
31
47
95
214
262
285
224
306
207
136
120
89
79
76
36
23
29
45
77
219
399
611
710
649
439
303
189
105
70
39
15
5
0
1
1
0
0
10
291
357
70
8
14
50
59
67
81
109
63
17
22
33
120
233
262
267
210
314
221
124
108
104
87
80
41
27
28
32
87
189
428
593
688
574
438
324
190
109
73
47
12
7
1
1
0
0
0
11
382
372
84
10
23
54
73
102
100
133
64
21
17
41
124
204
293
249
212
280
199
137
132
82
96
52
36
18
20
41
99
207
449
581
646
577
423
315
171
118
57
24
12
4
2
1
0
0
0
17
371
419
102
18
32
68
68
103
87
138
59
18
23
52
117
241
269
253
192
238
190
111
92
85
94
66
38
27
28
46
105
200
406
581
654
561
377
264
158
89
66
40
13
6
2
0
0
1
0
12
399
430
114
26
35
69
88
106
95
137
65
22
20
50
111
212
304
226
171
208
168
121
99
83
83
54
49
26
17
40
92
175
373
544
594
518
357
265
136
103
48
19
12
3
3
0
0
0
0
17
422
555
118
28
43
81
70
109
99
134
68
20
17
58
104
229
272
216
164
208
158
101
102
55
76
54
39
29
21
30
82
204
310
447
540
434
322
225
136
93
50
26
14
2
4
0
0
0
0
18
429
495
124
30
43
86
105
108
109
123
56
25
17
41
101
227
264
187
142
146
139
94
81
59
68
61
43
19
17
46
93
191
318
416
489
405
263
170
122
79
46
24
6
8
0
1
1
0
1
13
505
541
144
28
47
97
94
123
118
151
70
21
19
41
87
209
238
171
148
141
118
105
96
63
67
51
50
29
25
27
77
141
309
398
429
361
265
187
125
57
48
19
13
4
1
0
0
0
0
30
491
600
140
35
49
82
94
126
118
133
72
20
13
42
93
189
221
155
137
107
110
96
77
77
55
38
41
25
25
32
75
143
266
329
389
342
225
152
106
69
41
17
3
5
0
1
0
0
0
25
548
605
164
39
47
87
110
153
104
157
79
15
13
43
100
183
200
150
101
94
73
83
76
43
53
39
30
29
11
37
69
118
211
291
330
280
207
107
88
59
30
17
11
1
2
1
1
0
0
26
524
627
160
37
48
74
106
152
118
134
47
29
10
40
104
184
192
155
113
92
70
55
60
58
44
41
24
18
18
29
66
127
206
251
263
237
172
147
68
40
33
12
5
2
0
0
1
0
0
16
533
636
190
46
54
87
103
137
106
144
63
24
10
41
91
139
151
129
85
85
55
59
53
40
47
46
29
18
16
34
53
115
190
225
241
263
131
95
65
39
18
8
7
3
1
0
0
0
0
19
540
621
166
51
59
81
115
125
99
115
56
21
10
28
91
154
131
93
71
61
60
55
40
36
29
29
20
19
22
24
50
83
160
206
200
143
129
83
65
32
19
10
6
4
0
1
0
0
0
15
499
615
170
45
45
80
100
118
123
126
56
15
19
28
80
149
132
80
50
54
39
46
30
24
41
30
24
16
19
23
52
62
118
169
136
154
91
76
43
27
22
8
5
1
0
0
0
1
0
37
493
594
188
56
49
82
92
121
87
114
50
15
10
26
72
130
108
78
42
46
38
39
38
20
24
21
19
12
10
33
40
47
101
122
138
115
91
58
25
14
16
8
2
4
0
2
2
0
0
18
485
593
166
54
53
93
90
131
91
97
49
27
19
34
67
114
116
70
37
44
35
37
26
21
22
15
21
15
11
16
22
55
102
108
124
94
52
51
27
20
8
7
3
1
0
0
0
0
0
20
470
552
183
44
60
91
85
120
99
82
44
23
15
25
63
100
71
52
29
27
19
31
28
24
26
18
19
12
19
20
19
42
84
86
98
83
52
40
19
22
7
4
1
1
1
0
0
0
0
24
371
488
171
37
52
77
79
102
73
70
43
15
7
22
51
66
65
49
28
24
18
25
26
14
15
19
7
12
13
10
23
36
68
77
72
73
47
25
18
11
7
2
2
1
1
1
0
0
0
20
387
475
160
54
51
75
68
93
99
74
41
21
10
21
42
66
68
40
18
16
18
15
21
6
16
15
10
7
7
10
18
23
51
53
58
72
34
27
18
10
10
5
3
2
0
0
1
0
0
23
311
430
155
54
39
60
73
90
78
68
31
13
3
18
33
61
70
25
22
16
11
12
19
8
12
7
10
6
7
16
17
22
39
43
45
41
32
20
14
11
5
6
1
0
0
0
0
0
0
23
287
429
161
50
44
57
60
80
82
51
22
8
16
12
43
51
43
21
17
9
8
8
9
6
8
13
7
11
6
3
18
19
43
46
44
36
21
13
9
6
4
1
1
1
1
0
0
0
0
19
298
362
160
40
50
47
47
62
49
44
22
13
12
21
38
35
45
27
11
17
8
8
9
8
6
10
6
3
6
5
8
21
17
36
28
17
21
10
8
10
1
1
1
0
0
0
0
0
0
14
247
344
149
33
43
55
57
62
50
37
18
7
13
16
30
30
25
22
8
4
5
7
9
7
9
6
5
2
6
2
10
7
11
24
26
20
11
8
7
3
2
0
0
0
1
0
0
0
0
14
228
295
124
48
24
38
43
45
44
29
13
8
12
9
30
29
33
11
7
4
3
4
5
3
6
6
1
4
7
7
5
5
15
16
18
12
7
9
5
2
1
1
1
0
0
0
0
0
0
8
198
277
117
41
40
41
34
43
41
41
13
6
7
9
21
23
22
10
10
5
3
7
5
3
6
3
5
5
4
5
2
2
8
14
11
7
7
5
4
1
0
0
1
0
0
0
0
0
0
15
150
267
110
20
30
34
43
36
26
28
22
13
5
10
16
19
16
8
5
2
2
2
2
2
5
3
6
4
2
4
2
4
8
9
11
9
3
4
2
2
2
0
0
0
1
0
0
0
0
8
125
244
98
40
36
29
31
34
27
29
14
9
8
15
13
21
11
7
3
1
0
3
3
0
4
1
2
1
3
3
0
6
5
6
10
3
2
2
0
1
0
2
0
0
0
0
0
0
0
13
107
188
83
21
28
26
29
20
28
16
6
3
7
6
14
18
12
6
3
2
3
3
0
2
4
5
1
1
0
0
1
4
4
5
1
3
2
0
2
2
1
0
2
0
0
0
0
0
0
7
117
135
63
28
18
21
16
26
20
16
8
0
4
7
6
11
6
6
0
0
2
0
2
1
2
1
1
0
1
1
2
0
1
8
4
3
3
1
1
0
1
0
0
0
0
0
0
0
0
7
92
119
74
22
19
14
26
14
23
21
8
5
4
4
8
11
6
1
0
2
1
3
1
0
1
1
2
2
0
0
0
2
2
1
3
4
3
0
0
0
0
0
0
0
0
0
0
0
0
7
78
123
57
27
12
20
17
14
16
13
4
3
3
5
8
9
3
3
0
0
0
0
0
0
0
2
3
1
1
0
2
2
1
2
1
5
0
1
0
1
1
1
0
0
0
0
0
0
0
8
61
108
52
19
10
14
13
17
9
7
8
2
4
2
2
7
4
2
1
0
1
0
0
0
0
1
0
0
0
0
0
0
1
0
1
0
0
0
0
0
0
0
0
0
0
0
0
0
0
7
41
91
45
24
6
14
20
12
7
4
4
2
2
2
5
2
0
1
1
0
1
0
0
1
0
1
3
1
0
3
0
3
1
1
0
1
0
1
0
0
0
0
0
0
0
0
0
0
0
5
35
63
38
12
3
8
9
7
10
5
1
1
1
3
4
3
1
3
0
0
0
0
0
0
0
0
0
1
0
0
0
1
1
1
1
1
1
0
0
0
0
0
0
0
0
0
0
0
0
2
29
61
47
11
1
10
7
8
2
0
3
2
1
4
3
2
0
1
0
0
0
2
0
1
0
0
0
2
0
1
0
0
0
0
0
0
0
0
0
0
0
0
0
0
0
0
0
0
0
1
25
47
35
6
7
6
6
10
1
6
1
1
1
3
1
3
4
0
1
0
0
0
0
1
0
0
0
2
0
0
0
0
0
2
0
0
0
0
0
0
0
0
0
0
0
0
0
0
0
0
30
33
19
6
3
6
5
9
1
4
2
0
0
1
2
1
1
0
0
0
0
1
0
0
0
0
0
0
1
0
0
0
0
1
0
0
0
0
0
0
0
0
0
0
0
0
0
0
0
1
13
23
13
8
3
9
5
6
3
1
2
0
0
0
0
2
0
0
0
0
0
0
0
0
0
0
0
0
0
0
0
0
0
0
0
0
0
0
0
0
0
0
0
0
1
0
0
0
0
1
13
29
14
8
5
4
4
5
3
2
0
0
1
1
1
0
0
0
0
0
0
0
0
0
0
0
0
0
0
0
0
0
0
0
0
0
0
0
0
0
0
0
0
0
0
0
0
0
0
1
10
14
17
4
1
4
3
1
3
0
0
1
0
0
0
1
0
0
0
1
0
0
0
0
0
0
0
0
0
0
0
1
0
0
0
0
0
0
0
0
0
0
0
0
0
0
0
0
0
0
14
9
12
3
4
2
1
1
0
0
0
0
0
0
0
1
0
0
0
0
0
0
1
0
0
0
0
0
0
0
0
0
0
0
0
0
0
0
0
0
0
0
0
0
0
0
0
0
0
0
5
9
9
4
2
3
0
0
1
0
0
0
1
1
0
1
0
0
0
0
0
0
0
0
0
0
0
0
0
0
0
0
0
0
0
0
0
0
0
0
0
0
0
0
0
0
0
0
0
1
7
7
6
1
3
1
1
1
1
0
0
0
0
0
0
1
0
0
0
0
0
0
0
0
0
0
0
0
0
0
0
0
0
0
0
0
0
0
0
0
0
0
0
0
0
0
0
0
0
1
2
8
6
2
1
1
0
1
1
1
0
0
0
0
0
0
0
0
0
0
0
0
0
0
0
0
0
0
0
0
0
0
0
0
0
0
0
0
0
0
0
0
0
0
0
0
0
0
0
1
2
6
8
1
0
1
3
1
0
0
0
0
0
0
0
0
0
0
0
0
0
0
0
0
0
0
0
0
0
0
0
0
0
0
0
0
0
0
0
0
0
0
0
0
0
0
0
0
0
0
0
3
3
0
0
2
1
2
0
0
0
0
0
0
0
0
0
0
0
0
0
0
0
0
0
0
0
0
0
0
0
0
0
0
0
0
0
0
0
0
0
0
0
0
0
0
0
0
0
0
4
6
2
1
0
1
0
0
0
0
0
0
0
0
0
0
0
0
0
0
0
0
0
0
0
0
0
0
0
0
0
0
0
0
0
0
0
0
0
0
0
0
0
0
0
0
0
0
0
0
1
2
2
1
0
0
0
0
0
0
0
0
0
0
0
0
0
0
0
0
0
0
0
0
0
0
0
0
0
0
0
0
0
0
0
0
0
0
0
0
0
0
0
0
0
0
0
0
0
0
0
6
1
0
1
0
1
0
0
0
0
0
0
0
0
0
0
0
0
0
0
0
0
0
0
0
0
0
0
0
0
0
0
0
0
0
0
0
0
0
0
0
0
0
0
0
0
0
0
0
0
3
1
2
0
0
0
0
0
0
0
0
0
0
0
0
0
0
0
0
0
0
0
0
0
0
0
0
0
0
0
0
0
0
0
0
0
0
0
0
0
0
0
0
0
0
0
0
0
0
0
0
2
0
0
0
0
0
0
0
0
0
0
0
0
0
0
0
0
0
0
0
0
0
0
0
0
0
0
0
0
0
0
0
0
0
0
0
0
0
0
0
0
0
0
0
0
0
0
0
1
0
0
0
0
0
0
1
0
0
0
0
0
0
0
0
0
0
0
0
0
0
0
0
0
0
0
0
0
0
0
0
0
0
0
0
0
0
0
0
0
0
0
0
0
0
0
0
0
0
0
1
0
2
1
0
0
0
0
0
0
0
0
0
0
0
0
0
0
0
0
0
0
0
0
0
0
0
0
0
0
0
0
0
0
0
0
0
0
0
0
0
0
0
0
0
0
0
0
0
0
1
0
1
0
0
0
0
0
0
0
0
0
0
0
0
0
0
0
0
0
0
0
0
0
0
0
0
0
0
0
0
0
0
0
0
0
0
0
0
0
0
0
0
0
0
0
0
0
0
0
0
1
0
0
0
1
0
0
0
0
0
0
0
0
0
0
0
0
0
0
0
0
0
0
0
0
0
0
0
0
0
0
0
0
0
0
0
0
0
0
0
0
0
0
0
0
0
0
0
1
2
1
0
0
0
0
1
0
0
0
0
0
0
0
0
0
0
0
0
0
0
0
0
0
0
0
0
0
0
0
0
0
0
0
0
0
0
0
0
0
0
0
0
0
0
0
0
0
0
0
0
0
0
0
0
0
0
0
0
0
0
0
0
0
0
0
0
0
0
0
0
0
0
0
0
0
0
0
0
0
0
0
0
0
0
0
0
0
0
0
0
0
0
0
0
0
0
0
0
0
0
0
0
0
0
1
0
0
0
0
0
0
0
0
0
0
0
0
0
0
0
0
0
0
0
0
0
0
0
0
0
0
0
0
0
0
0
0
0
0
0
0
0
0
0
0
0
0
