9.326918452380952296e-01 8.061374404761907364e-01 3.415672261904762474e-01
7.894438074074074940e-01 9.315367481481482415e-01 4.591211888888889758e-01
9.339310872817954134e-01 8.062120673316707231e-01 3.645070565336658297e-01
9.158674934497817999e-01 8.153334497816594473e-01 3.333264731659388302e-01
9.235170042194092987e-01 8.133578185654009030e-01 2.895351169620252740e-01
9.531811474747474699e-01 7.878222040404040394e-01 2.176265097777777824e-01
8.642974558232930926e-01 8.613427068273091791e-01 3.353190182128513719e-01
9.243644345238095639e-01 8.119295694444443878e-01 2.833752099801586932e-01
8.339449901185771452e-01 8.896982845849802368e-01 4.295133676877470608e-01
7.745612920696324233e-01 9.273145996131527680e-01 5.350221972920694569e-01
9.199795306513408599e-01 8.230717528735632671e-01 2.218780434099617005e-01
9.438582356321840727e-01 7.953397701149425014e-01 2.403189979885057281e-01
9.054083358925143488e-01 8.273885412667945083e-01 4.074562149712092629e-01
8.442037754318617582e-01 9.102025374280231507e-01 3.482869309021113247e-01
9.165963320537428016e-01 8.167790499040307184e-01 3.297227987715931063e-01
8.909168409961685242e-01 8.394325977011494189e-01 3.111889699233715834e-01
7.857097571701721073e-01 9.189990898661567487e-01 5.167971434034416278e-01
9.103846539196940313e-01 8.295006749521988132e-01 2.563348208604206979e-01
9.151015736137667611e-01 8.169729732313575354e-01 3.257430774760993741e-01
9.355214266958425950e-01 7.987839868708970226e-01 2.631100132822756787e-01
8.714397770419426426e-01 8.526745408388523018e-01 3.581958892715231824e-01
9.250650831509849015e-01 8.090177571115974020e-01 2.823189274617067257e-01
9.290572030567685324e-01 8.069374803493449821e-01 2.950842273580785435e-01
8.726013206831120250e-01 8.598823358633775893e-01 3.749973669070208460e-01
9.210910683111954711e-01 8.190383339658442452e-01 3.647910430170777096e-01
8.617355530303031363e-01 8.611897973484848867e-01 3.928377122727271797e-01
8.958671840607211889e-01 8.351774554079697266e-01 3.409988464136622377e-01
7.918279278937381260e-01 9.274811935483872061e-01 4.635891271347247766e-01
8.043275066413663188e-01 9.309355445920303174e-01 4.020205787476280324e-01
8.555571590909091251e-01 8.713413238636363856e-01 4.037228359848484827e-01
9.198920000000001540e-01 8.287516015037593720e-01 2.357321162969924777e-01
7.912225159474671754e-01 9.333806135084428135e-01 4.410742382739211709e-01
8.079523283302064707e-01 9.372129043151968819e-01 3.430096378986866035e-01
9.297948742964352586e-01 8.056280206378986231e-01 2.548987843151970245e-01
8.954126992481202807e-01 8.367984454887218426e-01 3.381916920300751528e-01
8.908655553470919974e-01 8.584645365853658117e-01 2.799271626266416346e-01
9.644188646616539407e-01 7.639205902255639113e-01 2.519485990413533605e-01
9.465010975609758903e-01 7.910009118198874090e-01 2.643230738273921743e-01
8.517835808270676212e-01 8.756015921052631157e-01 4.381696917293232962e-01
9.299350094161957792e-01 8.123753973634652015e-01 2.094491739924670415e-01
9.311115367231637130e-01 8.038694143126176028e-01 2.815269326553672125e-01
8.514207706766916406e-01 8.828982161654135297e-01 3.239230556766917180e-01
8.112700093984962502e-01 9.355877011278194155e-01 3.337265131766916637e-01
9.472012656249999552e-01 7.862091738281250519e-01 2.478606854687499528e-01
9.364340019120459546e-01 8.009571625239005899e-01 2.438730141491395609e-01
8.103767761194030639e-01 9.327606442786068319e-01 3.502285091293531050e-01
9.148646478873240229e-01 8.176228568075116776e-01 2.694674704694835499e-01
9.450003476070530928e-01 7.970115944584383882e-01 2.774819774055415911e-01
8.459507462311558479e-01 8.717670226130651567e-01 3.664457830653266579e-01
9.532042309644670475e-01 7.794194441624365810e-01 2.673544063705582952e-01
8.669503812010445065e-01 8.610254229765013090e-01 3.604427869190600653e-01
9.377270548628430236e-01 7.963168553615959100e-01 2.850353450623441254e-01
9.575369553398058731e-01 7.798544330097088029e-01 2.306200408737864027e-01
7.995014459459459655e-01 9.210737606177606951e-01 4.652813056756756604e-01
9.321947115839243070e-01 8.022483498817964964e-01 2.159058861229314064e-01
9.367815177304963381e-01 8.041251465721040992e-01 2.859856835224585669e-01
9.371441320754719806e-01 8.017451037735849884e-01 3.359850912028302106e-01
9.119051863207547903e-01 8.187880778301886986e-01 3.427736111556602960e-01
9.286453962264152873e-01 8.071880235849056007e-01 2.639273708490565973e-01
7.944712853773584493e-01 9.326240495283018017e-01 4.272375259433962014e-01
9.180139812734082749e-01 8.240112659176028753e-01 2.615954724906366935e-01
8.963007996254683807e-01 8.340537883895131621e-01 3.583077307677902668e-01
9.226974176029960617e-01 8.410662022471910859e-01 1.783479918913858098e-01
8.782560253411305640e-01 8.492609863547758708e-01 4.530676920467835433e-01
8.892414639376219343e-01 8.428707875243665049e-01 3.470598846393761483e-01
9.291912846003897997e-01 8.186516900584795975e-01 2.239246100779726800e-01
7.775684561403508610e-01 9.296424152046783851e-01 5.111872085769979535e-01
8.022151247563352738e-01 9.178297407407408626e-01 4.742829798635477823e-01
9.221182943469784510e-01 8.176994093567250266e-01 3.039888593957115193e-01
8.647046198830410368e-01 8.642832144249512627e-01 4.186678352826509464e-01
7.842418033707865277e-01 9.320576142322097857e-01 4.771936872659175988e-01
9.333108726591761162e-01 8.049781198501873014e-01 3.220812510299624898e-01
9.200303014981274785e-01 8.169188202247190667e-01 2.864608168539325983e-01
8.011423220973782344e-01 9.127337528089887186e-01 4.996322003745317653e-01
7.761823033707864194e-01 9.268764101123595500e-01 5.293762247191010628e-01
9.365831029962548016e-01 7.982123988764043832e-01 2.580913750374531634e-01
9.163960037453183771e-01 8.218491554307116864e-01 3.305384895318351779e-01
8.103875414847162562e-01 9.103933777292578799e-01 4.423139927292576434e-01
9.485171247264772010e-01 7.884692538293216479e-01 2.542051496061269455e-01
9.558547741228070604e-01 7.828952083333333700e-01 2.315619423464912174e-01
9.014450037950664241e-01 8.282786072106261832e-01 3.113526613662238596e-01
9.442696691871456105e-01 7.930762022684311185e-01 2.667842942911152759e-01
8.944929848484849400e-01 8.307723276515150967e-01 3.284757127651514730e-01
8.109768627819547993e-01 9.126604605263158865e-01 4.347261184210526319e-01
8.851696622390892166e-01 8.420542239089183756e-01 3.584225208728652468e-01
9.166687609108159496e-01 8.153132352941175887e-01 3.500291873055028091e-01
8.382523333333333770e-01 8.839533409090908345e-01 4.212644470833333266e-01
7.920483119092627255e-01 9.254644196597354711e-01 4.784362457466918572e-01
9.321586484962406383e-01 8.071712218045111742e-01 2.272585903759398451e-01
9.371537086466166233e-01 7.975533740601504773e-01 2.386105639473684037e-01
7.996615939849625043e-01 9.220169962406016273e-01 4.530260488909774730e-01
8.910270319548873053e-01 8.410947349624060543e-01 4.456614078947367941e-01
9.148585225563908851e-01 8.219828684210526148e-01 2.755590637969924650e-01
9.351417124060150687e-01 8.099493308270675485e-01 2.673260422932330904e-01
9.209678571428568938e-01 8.523496729323307708e-01 1.289286084022556733e-01
8.680419624060149442e-01 8.567765733082706170e-01 3.751267261466164626e-01
9.345966502835537648e-01 8.056561190926275762e-01 2.659315688279772494e-01
9.000559246704330496e-01 8.561570000000000569e-01 2.097478603766478322e-01
9.496203596986817486e-01 7.929098380414312253e-01 2.329543178719397090e-01
7.853122748091602157e-01 9.183661793893129754e-01 5.330243167938929494e-01
9.402978450980392644e-01 7.973228450980391901e-01 2.738315101568628007e-01
9.173951409001955826e-01 8.119921409001957802e-01 2.779252510763208783e-01
9.239733320463321409e-01 8.107413339768340110e-01 2.803656245945945757e-01
9.203661321839080589e-01 8.297773812260536008e-01 2.440048002107280400e-01
8.166753224568138458e-01 9.285644760076774418e-01 3.492699513819577106e-01
9.400499866156788453e-01 7.971555009560229443e-01 2.366218272275334433e-01
8.784882218045112490e-01 8.531637293233083064e-01 3.349637489285714476e-01
7.885551694915254872e-01 9.279526290018833556e-01 4.764543270621468540e-01
9.203149340206185913e-01 8.193300020618556889e-01 2.815538623298968202e-01
9.270962865979383016e-01 8.089513752577320860e-01 2.840199431546391873e-01
8.259717500000000046e-01 8.870541301652893340e-01 5.163815599173553483e-01
7.936838904665314276e-01 9.251880101419879265e-01 4.711051906693711766e-01
8.328160770712909056e-01 8.857119132947977036e-01 4.398391336608862834e-01
9.252222741312741139e-01 8.139296428571427544e-01 2.625234072007721631e-01
8.244860558766858860e-01 9.023825568400770658e-01 4.452668689788054079e-01
7.955329792843691683e-01 9.250573352165726293e-01 4.611237966101694452e-01
9.147623125000000632e-01 8.200851098484848167e-01 2.982505237689394018e-01
9.292002900188325309e-01 8.084561337099811507e-01 2.864918018079096185e-01
8.762762003780718567e-01 8.535222533081285867e-01 3.331729148204158331e-01
8.376054190476190930e-01 8.844754857142856919e-01 4.287319333904761609e-01
9.277135661478599360e-01 8.089129649805446576e-01 3.146678083268482640e-01
8.540269818913480693e-01 8.821807967806840622e-01 3.647488733199194533e-01
9.420069273084479278e-01 7.970601473477406662e-01 3.201184865815323577e-01
9.313419836734694313e-01 7.999268408163264787e-01 3.130096987142856890e-01
9.322549824561405796e-01 8.019867017543859111e-01 2.796300176803118709e-01
8.512074139886578461e-01 8.699620113421551171e-01 4.463712123629489104e-01
9.187395028248588336e-01 8.186648323917137260e-01 2.746373915442560931e-01
9.137665480225989345e-01 8.203365988700566103e-01 3.373023893408662599e-01
8.510205264150946247e-01 8.686688924528301881e-01 5.423652584905658269e-01
8.450553370998115099e-01 9.088499322033899430e-01 3.559736911487758615e-01
9.214165254237289826e-01 8.182341506591337410e-01 2.997255934463276539e-01
9.340173314500941348e-01 7.980250602636534962e-01 2.089753026553672066e-01
8.175884293785311563e-01 9.018969604519774252e-01 4.939801864406778154e-01
8.087786609848484076e-01 9.236954450757575152e-01 4.150539514015152420e-01
9.370833806818182898e-01 7.986268787878787467e-01 2.962803663446970104e-01
8.448629545454545697e-01 8.806779507575757115e-01 4.130496301325757291e-01
7.892942613636364513e-01 9.222905795454545697e-01 5.030252821969696253e-01
8.423149402697495125e-01 8.845743391136801081e-01 4.267266718111752954e-01
9.120098726851852966e-01 8.218043101851851828e-01 3.384371305555555209e-01
8.625227075471697535e-01 8.619797216981132104e-01 4.005342516273583953e-01
8.008434671717171716e-01 9.192969797979799740e-01 4.819300319949495481e-01
8.927535810810810490e-01 8.366810243243243406e-01 3.089952114594594068e-01
9.186643125000001353e-01 8.152432403846152642e-01 3.293006172115384156e-01
8.860904890510949983e-01 8.435758540145985585e-01 4.501491946715328041e-01
9.372390000000001553e-01 8.092610000000000081e-01 3.425549999999999984e-01
8.394770000000000287e-01 8.777430000000000510e-01 5.742279999999999607e-01
