8.265427600000001540e-01 8.989346400000001180e-01 4.526794399999999885e-01
9.302040227272727613e-01 8.028740568181818027e-01 2.495718192045454364e-01
9.175729301886792477e-01 8.170993773584905862e-01 3.532178730377358300e-01
9.013105641025640491e-01 8.295802699849171846e-01 2.883283855806937912e-01
9.359306256684492009e-01 8.000204184491978010e-01 2.523072119518716128e-01
9.328586142131979342e-01 8.062379086294416686e-01 2.537542092893400603e-01
7.935264386174016860e-01 9.241541656734207910e-01 4.772091708462454784e-01
8.955089883449883770e-01 8.381304277389277635e-01 2.645063666666666591e-01
9.266151396140749341e-01 8.088204131668558228e-01 2.735063962202043397e-01
8.210892367531003044e-01 8.942535558060878964e-01 4.952729801352874772e-01
8.111115298759864478e-01 9.348093449830888746e-01 3.398264130101464331e-01
9.390051473922902403e-01 8.042902222222221287e-01 1.875566130045351609e-01
9.001974936854190146e-01 8.349474638346727762e-01 2.743735609988519064e-01
8.205228163030999777e-01 9.231049380022960937e-01 3.569705074626864927e-01
9.411572493506493720e-01 7.866482207792206971e-01 3.009244883246753322e-01
9.199066513249651855e-01 8.131811520223152234e-01 2.836005970711296675e-01
9.393145055643877805e-01 7.982335627980922110e-01 2.160580728457869304e-01
9.507639753265603177e-01 7.843728272859216144e-01 2.359890698838896794e-01
9.432866377314815809e-01 7.981290520833334012e-01 2.772945627777777533e-01
9.567582485549135374e-01 7.790172508670518692e-01 2.315570942196531756e-01
9.298525567451820795e-01 8.029191263383296251e-01 2.788453995074946512e-01
9.345419896694214801e-01 8.088911590909089178e-01 3.098773110330578229e-01
9.063417679112006908e-01 8.325763158425830701e-01 2.778219966296670007e-01
7.828528647294589193e-01 9.285443446893789643e-01 5.004975260521041802e-01
9.374003925702811824e-01 7.995435662650601794e-01 3.393344388353413676e-01
9.076721266331657656e-01 8.227704150753768486e-01 2.514174359798994618e-01
9.420231825476429455e-01 7.946009488465395343e-01 2.453855323470411076e-01
9.635818288288291456e-01 7.784080300300302291e-01 1.778676700300300118e-01
7.911600833333333194e-01 9.303556224899598437e-01 4.571689769076304755e-01
9.315411193580741545e-01 8.056422858575725821e-01 1.975063499398194422e-01
9.291735466399198007e-01 8.080626499498495541e-01 2.536720363089267627e-01
8.051273681043129571e-01 9.118384292878636277e-01 4.910816405917752814e-01
7.962388281407035695e-01 9.266400351758794507e-01 4.528288784020100266e-01
9.331577370558374884e-01 8.067251573604060644e-01 2.462059545685279238e-01
9.185653874458875601e-01 8.171597218614718994e-01 2.929056960064934656e-01
9.005423765903308730e-01 8.356484376590331831e-01 3.006608843129771058e-01
8.434497224880384003e-01 8.865239641148324745e-01 3.932785152153110420e-01
9.265303360323886572e-01 8.069539919028340114e-01 3.158458894871794542e-01
9.216477374301677017e-01 8.158175698324021674e-01 2.988557124581005531e-01
8.433248193939394399e-01 8.866781321212121592e-01 3.771411577333332876e-01
8.709409638694638467e-01 8.601489638694638229e-01 3.523381244988344485e-01
8.939152131147539704e-01 8.367552691256828767e-01 3.131810902322404444e-01
9.331476150943397441e-01 8.038936654088050249e-01 2.906133914088049885e-01
9.266473506343713140e-01 8.060544036908880994e-01 2.737289552825836192e-01
9.291342528216705032e-01 8.077168724604966155e-01 2.645533938713318101e-01
9.067121291428572594e-01 8.257992262857143384e-01 3.200074633485714415e-01
8.067187136706134298e-01 9.110082454251885453e-01 4.803396874919267923e-01
9.463293608360837661e-01 7.906483102310232214e-01 2.210724456875687582e-01
9.295157815040651084e-01 8.086028577235772064e-01 2.440670227947154269e-01
8.064652841365461677e-01 9.118657751004017875e-01 4.818570910642570038e-01
7.971214054325955756e-01 9.260733631790746267e-01 4.525443846579476626e-01
9.399520764587525612e-01 7.997880794768611468e-01 2.094337818108651939e-01
9.245258953722333972e-01 8.135041257545270188e-01 2.507301840845070906e-01
8.128937379518071937e-01 9.068596817269077848e-01 4.693285844076304780e-01
9.720535602409641207e-01 7.570106656626505170e-01 2.098583457429718802e-01
9.053439738167170514e-01 8.273315427995973081e-01 3.108636699395770364e-01
9.591623711133401287e-01 7.790187201604813483e-01 2.401825282948846230e-01
9.394904341708543161e-01 8.034691758793969241e-01 2.525212986834170503e-01
9.695813686313689006e-01 7.620964225774224943e-01 2.204321951848151884e-01
9.400957490000000361e-01 8.039912759999998659e-01 3.049651555399999769e-01
9.029864559999999374e-01 8.332583110000000293e-01 2.707039128500000058e-01
7.780906263736262485e-01 9.264412737262738284e-01 5.272217359340658493e-01
9.524566231306084152e-01 7.829405503489529350e-01 2.875477713858425322e-01
8.263722364729459979e-01 9.137643807615231095e-01 3.535696870841683048e-01
9.497713725099602433e-01 7.889108725099602815e-01 2.221260275298804765e-01
9.644613579262216740e-01 7.785123798604187684e-01 1.703589810867397747e-01
8.094168531468532990e-01 9.327718731268730412e-01 3.593934582217781504e-01
8.593528708708708663e-01 8.631700440440439603e-01 3.682356072972972627e-01
9.078677913741223238e-01 8.249714684052156244e-01 3.124227857071213976e-01
8.058506649899396246e-01 9.193515945674044509e-01 4.429775617203218774e-01
7.977124305977710828e-01 9.193845471124619806e-01 4.759842999088145787e-01
8.966225069967707073e-01 8.355025296017222214e-01 3.326837334015069758e-01
9.108006056547618412e-01 8.267940848214284655e-01 2.689993344642856998e-01
8.170831736526946720e-01 9.005871936127745059e-01 4.546110367465069912e-01
8.636672852112676768e-01 8.616334753521126544e-01 4.160978557394365840e-01
9.227306842105261753e-01 8.153917894736841809e-01 2.690109652631578752e-01
