0.463610
0.368110
0.319900
0.169370
-0.235620
0.089370
0.143480
0.133300
0.458180
-0.636800
-0.309500
0.649170
-0.133530
0.249150
0.211800
0.224290
-0.454480
0.551010
0.192270
-0.567780
0.215160
0.335050
-0.832420
0.174110
0.296550
-0.449740
-0.001620
0.423610
-0.139550
0.150990
0.441760
-0.206020
0.468240
0.011910
0.303020
-0.261750
0.322910
-0.222210
-0.092260
-1.303080
-0.744090
0.285910
-0.513670
-0.228450
-0.325800
0.095150
0.048210
0.246720
-0.281630
0.055030
0.490780
-0.298400
-1.010230
-0.569050
0.088330
0.162550
-0.010060
0.208800
0.091330
-0.485110
0.304300
-0.454590
-0.155960
0.027170
0.313890
0.078390
0.229150
0.340710
-0.743630
-0.609520
-0.370660
0.861320
0.798200
0.374360
0.022200
0.154110
0.193310
0.412740
0.081740
-0.957630
-1.190820
0.164060
-1.767040
-0.129950
-0.334820
-0.821550
0.267180
0.250530
-0.986990
-0.900630
-0.370890
-0.175500
0.018850
0.498640
0.035380
0.443610
0.234930
-0.218510
-0.092380
0.048900
-0.345920
-0.291580
0.360830
-0.407890
0.133070
0.479910
-0.002540
0.363370
0.018960
0.136660
-0.750450
-0.010290
0.680960
-0.811490
-0.522690
-0.543380
0.199200
-0.084980
0.121280
-0.640850
-0.641540
0.104750
0.067870
0.087640
0.285100
0.200010
-0.492980
0.005780
-0.029600
0.216780
0.176430
-0.282680
-0.003580
-0.208570
-0.166020
0.279900
0.046130
0.474710
0.436670
0.167520
-0.319560
0.263480
-0.081390
-0.485920
-0.753920
-0.271810
-0.157810
-0.232150
-0.038500
-0.182440
-0.077810
-0.620960
0.068670
-0.071800
-0.781780
-0.011910
0.287070
0.111910
0.052030
-0.069250
0.260590
-0.126130
0.292850
0.166020
-0.457020
0.452280
0.684900
0.058960
-0.701780
-0.406270
0.175850
0.278400
0.222330
-0.204170
0.505350
0.151570
-0.007280
0.152610
-0.571360
0.505460
-0.015840
-0.168450
0.348000
-0.180590
0.461990
0.367070
0.103240
0.386270
0.091570
-0.894970
-0.147060
-0.499100
-0.403030
-0.326030
-0.518760
-0.045550
-0.601770
0.801670
0.046710
-0.208100
-0.428930
-0.206600
0.117580
-0.801550
1.206780
0.081050
0.165670
-0.195390
-0.222090
-1.030700
-0.409270
0.095030
-0.119890
0.220130
-0.195970
0.030180
0.198280
-0.351700
-0.247410
0.018610
-0.035490
0.205680
-0.231570
-0.300480
0.132030
-0.261860
-0.121860
-0.155380
-0.272850
-0.159320
-0.049830
-0.387420
-0.799580
0.082320
-0.159080
-0.429740
0.030060
0.125670
0.182550
0.304300
-0.102090
0.182320
0.229610
-0.158040
-0.018040
0.087980
0.152610
-0.338630
0.426850
-0.436090
-0.294010
-0.029130
-0.437480
0.017800
0.151800
0.050520
0.154110
0.264180
-0.124280
0.118620
0.114340
0.188800
0.153770
-0.147640
0.114340
0.103130
0.149260
-0.207180
-0.082090
-0.111100
0.185330
0.164980
0.068210
0.202090
0.402450
-0.572980
0.320020
0.227180
-0.030640
-0.259670
0.158740
0.134230
-0.346260
0.385920
-0.391930
-0.164060
0.621540
-0.280360
0.414940
-0.158970
-0.124280
0.384070
0.276200
-0.191340
-0.170410
-0.037230
-0.599570
0.449390
-0.054450
0.058850
-0.426270
-0.055730
-0.063130
-0.631710
0.263250
0.248800
0.096650
0.226950
-0.120120
-0.331930
-0.186480
-0.300130
0.025090
-0.002770
0.436210
0.070990
-0.079200
-0.292270
0.180470
0.298280
-0.297820
-0.100580
0.132490
-0.022540
0.101280
0.261400
-0.093180
-0.227180
0.363610
-0.493670
0.066020
0.047170
-0.008320
0.053990
-0.120930
-0.050180
0.013640
-0.154580
-0.029130
-0.043700
-0.141050
-0.112150
-1.015550
0.387650
0.096070
0.441640
-0.321980
0.057230
-0.024860
-0.567780
0.187530
-0.014910
-0.286950
0.081390
0.070180
-0.152260
0.261400
-0.040580
-0.144980
0.307420
-0.010520
0.092030
-0.013300
0.051790
0.157580
-0.272040
0.349500
-0.130410
-0.194350
0.137120
0.145210
0.026710
-0.035840
-0.075380
-0.029250
0.280250
0.373430
0.441300
0.188100
-0.095030
0.070520
-0.027170
-0.080470
0.136660
-0.493670
-0.166370
-0.080580
-0.264410
-0.391120
-0.546970
-0.150410
-0.192380
-0.496560
0.088440
-0.113530
0.013760
-0.069720
-0.299790
0.004510
0.136190
-0.003580
0.191340
-0.291230
-0.025320
0.097810
-0.391930
-0.132150
-0.212840
-0.477950
0.030290
-0.006010
-0.286490
-0.151690
0.110530
-0.057810
-0.389850
-0.038610
-0.502110
0.022780
0.263370
0.584770
0.323830
0.319440
0.368460
-0.078150
-0.036070
1.056130
-0.908150
0.185790
0.502920
0.631140
0.610440
0.491470
0.741890
-0.279790
0.200470
0.398640
0.681310
-0.159780
0.646860
-0.191920
-0.340480
-0.609170
-0.036880
-0.543960
0.509510
0.545470
-0.045670
0.593330
0.237470
-0.082200
0.057690
0.179550
0.365570
-0.931620
0.016190
-0.082780
-0.537490
0.480370
-0.037110
-0.237700
-0.021620
-0.190180
-0.321750
0.220820
-0.015490
0.363260
0.567200
-0.176660
0.074570
0.525700
0.184060
0.427310
0.370890
-0.012600
-0.222900
-0.143590
-0.115150
-0.066940
-0.332850
-1.025610
0.233890
-0.104630
1.025840
0.183480
-0.415400
-0.039540
-0.099200
-1.168740
0.436560
-0.472280
-0.129020
-0.352970
0.923750
-0.012140
-0.047400
-0.071560
-0.050990
-0.015490
0.000230
-0.083010
-0.040230
-0.008210
-0.025550
-0.084170
-0.035960
-0.032830
-0.020690
-0.034340
-0.024050
-0.114230
-0.524310
-1.382510
-0.126830
0.461180
0.755650
-0.279440
-0.045200
0.948260
-0.952660
-0.769870
-0.471470
-0.140240
-0.278630
0.614600
-0.217820
-0.795310
-0.111220
1.003410
0.698310
-0.962020
-0.008790
0.762590
-0.606970
-0.738660
0.256890
-0.182790
-0.701780
0.458640
0.505350
0.078730
0.407890
0.063470
-1.063990
0.287070
0.376900
-0.949770
0.638770
0.314470
0.686630
0.183480
0.083590
-0.006590
0.205560
0.836460
-0.061970
0.044630
0.765820
-0.144630
-0.031910
0.060700
0.019420
-0.070640
0.133190
0.303600
0.745820
1.067350
1.285390
0.394940
-0.369730
0.852540
0.601190
0.474480
1.004910
0.382330
0.366960
0.948960
0.538410
0.586740
0.396790
0.896470
0.560960
0.257590
0.597840
0.675180
-0.132610
-0.003930
0.940170
-0.518060
-0.321290
-0.429270
-0.072720
-0.316320
0.516560
0.064970
0.691950
0.494600
0.748480
0.616570
0.098040
0.019190
0.188220
-0.130530
0.311810
0.468580
-0.281980
0.152730
0.298050
0.661540
-0.223130
-0.886180
0.604890
-0.111220
-0.611480
0.231920
-0.178740
0.147520
0.299320
0.166250
0.666280
0.057580
0.946760
0.232380
0.871500
0.001850
-0.087060
0.567660
-0.062660
0.471940
0.863870
-0.839477
-0.937289
-0.957784
-0.975863
-0.674794
-0.956183
-0.966898
-0.937239
-0.921287
-0.777337
-0.784304
-0.983039
-0.815739
-0.809499
-0.965914
-0.943312
-0.924437
-0.853591
-0.834249
-0.766891
-0.877743
-0.832808
-0.787425
-0.752419
-0.942934
-0.791729
-0.777267
-0.809261
-0.852423
-0.924703
-0.936113
-0.747093
-0.915572
-0.937816
-0.762021
-0.794870
-0.819165
-0.905143
-0.919286
-0.929200
-0.574228
-0.128733
-0.247626
-0.203863
-0.657798
-0.237100
-0.159117
-0.342555
-0.127282
-0.545743
-0.459918
-0.001377
-0.458737
-0.333302
-0.252445
-0.380930
-0.402452
-0.341284
-0.344424
-0.548487
