9.152596427406198831e-01 8.213569575856443095e-01 3.281685559053833523e-01
8.087733716965046504e-01 9.122483461210569855e-01 4.461584961977834163e-01
9.058127623211447155e-01 8.295203370429253820e-01 3.683248544435611671e-01
9.312174619926198993e-01 8.065169136531364913e-01 2.548340193284132638e-01
9.154776738227146105e-01 8.316179598337950507e-01 2.279806770013849959e-01
7.874388720316621848e-01 9.261063951187336052e-01 4.873045949999998960e-01
9.281710984898225991e-01 8.129081707156927683e-01 1.959034755351280188e-01
9.121141773981602530e-01 8.249760170827857841e-01 2.842637159067016861e-01
8.375382705187131016e-01 8.892624202232435326e-01 4.082514694024950708e-01
8.972387706185567247e-01 8.545099020618557306e-01 2.362587642525773302e-01
9.153041646458202063e-01 8.184039010848754847e-01 2.569375856796425883e-01
9.193496524506684642e-01 8.181258052196054287e-01 2.713416195544239296e-01
8.963266077694236333e-01 8.401927606516290670e-01 2.805084089473683928e-01
9.407009839208411162e-01 8.023027025355596864e-01 2.680341143475571952e-01
8.189178524590163821e-01 9.072296581663632509e-01 4.228309719914997156e-01
9.361974480676328314e-01 8.042758333333333010e-01 3.414701737258453718e-01
9.107486702898549558e-01 8.274660537439614272e-01 2.971076968236714966e-01
9.225767015738499666e-01 8.144697312348667673e-01 2.775522087167069940e-01
9.402340247136830031e-01 7.977066612417119673e-01 2.422904589752863380e-01
7.940540818291215164e-01 9.262188225030085764e-01 4.633297410830324869e-01
8.623865164967007280e-01 8.592154853029394523e-01 5.020981889922014885e-01
9.347556007215875873e-01 8.040280853878533085e-01 2.288522322369212214e-01
8.947156446578631295e-01 8.400083703481392439e-01 2.944433495198078843e-01
8.150812522414824235e-01 9.003681524208010378e-01 4.835776069037656111e-01
9.437504131227217874e-01 7.996774611178614212e-01 2.820489181834750503e-01
8.042800850935424295e-01 9.079009010259505574e-01 4.728948840555219357e-01
9.357609333737127999e-01 8.019612210781343897e-01 3.286362890975166318e-01
9.187512988505747158e-01 8.211192135511191648e-01 2.652923812583181662e-01
9.289161050724636937e-01 8.100292246376810112e-01 3.228500697705313782e-01
8.926628034751347140e-01 8.471138142600359577e-01 3.695499379568603637e-01
7.896061059880240540e-01 9.242459293413174404e-01 4.898147231556885806e-01
9.156690508677439722e-01 8.226670999401554107e-01 3.442400607540394564e-01
9.351422212230215969e-01 8.079505425659472273e-01 2.190929898261390896e-01
8.135922863145256256e-01 9.158692575030011884e-01 4.301381270828331105e-01
9.165331028262178048e-01 8.192597312086591366e-01 2.484571530847865528e-01
9.315822674278846360e-01 8.104097506009615426e-01 2.587777342427884930e-01
9.363336475903615286e-01 8.064702439759036112e-01 3.061988254096385531e-01
9.290661726226530082e-01 8.105883912780132983e-01 2.347259996608115906e-01
9.062573374083129352e-01 8.317285953545231481e-01 3.117678074999999938e-01
9.115045048899755864e-01 8.206568899755500857e-01 3.006031297310512995e-01
9.170681697303920688e-01 8.174785845588236066e-01 3.107324274938725317e-01
8.981218479179239322e-01 8.320225751357875899e-01 3.507236663910681673e-01
9.282206493663246460e-01 8.080583011466505594e-01 2.733535679963789988e-01
8.793219170673076679e-01 8.540535685096153351e-01 3.520887229927884277e-01
8.043849819168172877e-01 9.143539433393610416e-01 4.728863876069921424e-01
8.825758563669282575e-01 8.481242721786360628e-01 3.327230815630657923e-01
9.203954588588588726e-01 8.161781555555553958e-01 2.425952809369369134e-01
7.923501636690647443e-01 9.233818531175062017e-01 4.822734520623501164e-01
8.425695117117119048e-01 8.702668468468468532e-01 5.003530080480479425e-01
9.358826255267911343e-01 8.030856056592414749e-01 2.373606856291390343e-01
8.430060487658038726e-01 8.815165099337748389e-01 4.328337350511738957e-01
8.075968106971155303e-01 9.216313251201923018e-01 4.144922492187499974e-01
9.475886947621914302e-01 7.952299951836243608e-01 2.559394124744129861e-01
8.017298971393791440e-01 9.058302945830797315e-01 4.833750248508825176e-01
9.463522701043585172e-01 7.913700306936770623e-01 2.892281233456107659e-01
8.459402320987653434e-01 8.752253598765432629e-01 4.172284941049382301e-01
9.314756498422714914e-01 8.038429085173500743e-01 2.854230154826498667e-01
8.911783892137750129e-01 8.515790474333982951e-01 3.023521690058479927e-01
7.972415376486128302e-01 9.256948586525759470e-01 4.450579548811096631e-01
8.221650097560975201e-01 9.037408418118467734e-01 4.188475294355401002e-01
9.185672872062664585e-01 8.204191087902523716e-01 3.114938936640556655e-01
9.257752008592911031e-01 8.147284812030074486e-01 3.084975454135338024e-01
9.208887013752455886e-01 8.150033025540275311e-01 2.967284318467583448e-01
