9.783833333333332716e-01 7.535889166666666084e-01 4.615114166666665213e-02
9.172951296296296686e-01 8.167549973544973030e-01 3.736702505291005783e-01
9.030361949152541090e-01 8.285761038135591727e-01 2.740203338983050463e-01
9.389703462686567192e-01 7.976453223880597410e-01 2.466080549850745984e-01
9.311575753803594813e-01 8.082769239280777063e-01 2.553275111479944570e-01
7.919672012658227622e-01 9.258102924050632954e-01 4.736962603417721462e-01
8.907433114143920028e-01 8.402628052109182288e-01 2.793409212903225636e-01
9.278883977968176433e-01 8.074643806609547170e-01 2.758990509914320266e-01
8.199548749999998609e-01 8.944315970873786270e-01 5.023571655097085475e-01
8.114166565533981190e-01 9.345182038834950466e-01 3.399047576941746640e-01
9.363618070818070516e-01 8.085734065934065962e-01 1.839282059096459254e-01
9.025254004854368350e-01 8.322661699029126892e-01 2.709754085194174822e-01
8.224170413122721124e-01 9.215893900364519054e-01 3.553811300121506034e-01
9.364445235457062866e-01 7.914575249307478355e-01 3.160050808033240677e-01
9.212923278443115871e-01 8.115443443113772304e-01 2.893514132335329170e-01
9.386606273584905402e-01 7.990796981132074484e-01 2.158667591823899556e-01
9.504691919642856979e-01 7.845665892857143220e-01 2.334723300892857234e-01
9.422904142156863783e-01 7.986202009803921031e-01 2.774489226838235401e-01
9.557587860635698984e-01 7.805847286063568591e-01 2.351424215281173735e-01
9.281916659999999153e-01 8.045095439999998543e-01 2.763658925199999894e-01
9.339175656350053867e-01 8.093607203842049236e-01 3.048830893916755214e-01
9.062767653806046431e-01 8.317154337851927481e-01 2.841389162043795324e-01
7.834210061919504309e-01 9.288702672858618614e-01 4.965229133126934369e-01
9.391864829369185319e-01 7.981541147880040210e-01 3.350986108996897306e-01
9.108590414507772293e-01 8.200604673575129233e-01 2.367909805181346861e-01
9.434333336776860035e-01 7.935149752066115170e-01 2.412732108264462605e-01
9.628113876288661999e-01 7.790848979381443939e-01 1.806301409175257722e-01
7.905474663908997890e-01 9.306036680455016530e-01 4.588242668045501294e-01
9.314002283057850606e-01 8.057590526859503832e-01 1.909038046694214452e-01
9.302798562564633666e-01 8.068259410548087596e-01 2.491967792657704128e-01
8.022849058945191736e-01 9.145927156153050852e-01 4.902403140330919284e-01
7.958068205394190908e-01 9.272342012448134829e-01 4.523696538796680988e-01
9.355185545073374520e-01 8.050154496855346231e-01 2.413744873060796603e-01
9.183791287793953151e-01 8.171384232922732638e-01 2.932683625867861243e-01
9.120947123655915867e-01 8.251890134408602639e-01 2.813047178494623712e-01
8.336761335830210617e-01 8.952125967540573992e-01 3.991467686891385092e-01
9.278563483443709181e-01 8.058828357615892557e-01 3.137563224370860659e-01
9.207014632454925129e-01 8.167740457697642009e-01 3.023361661442441339e-01
8.384686012422359891e-01 8.911683701863354345e-01 3.836803765341614825e-01
8.670690645161291954e-01 8.631947741935485086e-01 3.587011515173237353e-01
9.018561579689705621e-01 8.303947376586742202e-01 2.973650546262341376e-01
9.343737884362680601e-01 8.026801222076215270e-01 2.827267969776609546e-01
9.281843561151079669e-01 8.043859880095922676e-01 2.695290050959232575e-01
9.280031008206330867e-01 8.085969484173505251e-01 2.658864317467760641e-01
9.040034289071681162e-01 8.287908965922444748e-01 3.282812699882491358e-01
8.070299107929516103e-01 9.109498733480176913e-01 4.748999137444933627e-01
9.463271569703622932e-01 7.905175708013172375e-01 2.206866704720087669e-01
9.324535141414141970e-01 8.061714767676767535e-01 2.314795567171717139e-01
8.078229690618762282e-01 9.107430928143713800e-01 4.783614894011976038e-01
7.989010640640641370e-01 9.261916046046047013e-01 4.441869212712712400e-01
9.413344999999999629e-01 7.986907559999999462e-01 2.066965497900000170e-01
9.253810099900100505e-01 8.127349590409590485e-01 2.495785604295704396e-01
8.114710667330676808e-01 9.083098735059761397e-01 4.705063144721114976e-01
9.722939741035859784e-01 7.567301673306771059e-01 2.090297301095617455e-01
9.063877722277721150e-01 8.262007792207792800e-01 3.066207628571428478e-01
9.587601890547264860e-01 7.793954427860696477e-01 2.406509400099502427e-01
9.401633163672654669e-01 8.024590658682633215e-01 2.481107227744510646e-01
9.696844577954321087e-01 7.621326683217477527e-01 2.201540596325719801e-01
9.399497147117295004e-01 8.040402793240555290e-01 3.041536121968190787e-01
9.083418190854870566e-01 8.283584582504969207e-01 2.611025969880715891e-01
7.773827586891756125e-01 9.266291509433963736e-01 5.290175895431976638e-01
9.520032728174604442e-01 7.834252073412696360e-01 2.895217860714285885e-01
8.263950319361277330e-01 9.141126037924151015e-01 3.514846706986026748e-01
9.489154192269574351e-01 7.901035262636272316e-01 2.237551744202180559e-01
9.643973115079368386e-01 7.785278353174603927e-01 1.706760466567460444e-01
8.098577882703777986e-01 9.326119990059641429e-01 3.591786507753478297e-01
8.597315423728814077e-01 8.624434596211366655e-01 3.676910791425723191e-01
9.078059980039920873e-01 8.247483083832335415e-01 3.100848190419161488e-01
8.072733766233766151e-01 9.186968171828172602e-01 4.394237805694305443e-01
7.949234532520326191e-01 9.210749857723578016e-01 4.844671941158535944e-01
8.964333971861471184e-01 8.355308073593074036e-01 3.311831241341990917e-01
9.088371612903224372e-01 8.280413695014662290e-01 2.649944498533723936e-01
8.153958007968127308e-01 9.014623525896414691e-01 4.592693022709162798e-01
8.617922277227724193e-01 8.621979273927394827e-01 4.254268823762375473e-01
9.234132962962964264e-01 8.160213333333333763e-01 2.675067781481481610e-01
