8.157389999999999919e-01 9.155720000000000525e-01 4.587370000000000059e-01
9.295847272727272292e-01 8.125390909090909330e-01 3.965823636363636218e-01
8.463080000000000602e-01 9.063751818181817743e-01 3.275779090909091140e-01
9.774125454545454783e-01 7.576283636363636553e-01 2.729454818181818038e-02
7.880121538461537511e-01 9.307453076923078994e-01 4.753129999999999300e-01
7.814205384615383609e-01 9.196979999999999045e-01 5.366203076923076187e-01
8.026544615384614278e-01 9.054452307692308910e-01 4.872913846153845152e-01
9.693169999999999842e-01 7.691413076923078185e-01 1.331627707692307760e-01
9.362037692307692005e-01 8.085706923076921848e-01 3.576737692307692673e-01
9.347613846153847161e-01 7.963418461538461779e-01 2.350718215384615672e-01
9.358313846153845095e-01 8.063277692307692091e-01 3.627402307692307870e-01
8.369333076923077819e-01 8.989700000000000468e-01 3.387814876923076479e-01
9.452670000000000794e-01 7.909428461538462463e-01 2.893570776923076182e-01
9.381733076923077785e-01 8.070469999999997368e-01 3.484588461538461468e-01
9.492260000000001252e-01 7.884923846153847338e-01 2.142883592307691931e-01
9.109640769230767932e-01 8.313726153846154876e-01 4.112018461538461400e-01
9.020386923076922914e-01 8.353041538461538629e-01 4.316440000000000277e-01
8.969299999999998940e-01 8.373765384615384777e-01 4.194143846153846056e-01
9.697304166666667058e-01 7.604950000000000321e-01 6.225930833333332554e-02
8.348792500000001837e-01 8.826071666666668314e-01 5.647021666666666162e-01
8.139906153846154790e-01 8.938966153846154006e-01 5.115889999999999604e-01
9.683512307692309085e-01 7.622153846153844059e-01 2.447246153846154015e-01
8.535486153846153501e-01 8.656353076923077872e-01 5.063688461538460306e-01
8.884850769230770995e-01 8.390983846153847736e-01 4.145699230769230303e-01
8.964673846153845549e-01 8.402878461538463295e-01 3.910889230769231117e-01
8.484543846153846935e-01 8.711265384615386465e-01 5.482950769230767740e-01
9.640438461538463066e-01 7.787610769230769447e-01 1.781562823076923152e-01
9.624907692307692608e-01 7.731982307692307765e-01 1.301062838461538307e-01
8.914996153846153071e-01 8.468543846153845367e-01 3.518491538461538393e-01
8.118050000000001098e-01 9.331949999999999967e-01 3.518347692307691177e-01
9.664788461538461606e-01 7.781089999999999396e-01 6.483097615384614265e-02
9.455971538461537262e-01 7.948124615384616343e-01 2.507504615384615332e-01
8.252599230769230854e-01 9.228993846153845659e-01 3.584100769230769146e-01
8.372873076923076363e-01 8.790430000000000188e-01 5.443349230769229941e-01
9.534831538461538969e-01 7.897783076923077239e-01 2.627572823076922970e-01
9.512833846153847528e-01 7.816282307692307141e-01 2.348647438461538561e-01
9.577840000000000797e-01 7.874250000000001526e-01 2.476259999999999573e-01
9.342703076923076777e-01 8.084766923076922573e-01 3.424051538461538313e-01
7.772964615384616582e-01 9.264911538461539919e-01 5.298169999999999824e-01
9.647577692307692798e-01 7.678644615384614402e-01 2.445936923076923175e-01
9.049173846153847345e-01 8.341620769230769783e-01 3.589701538461538277e-01
8.962453846153847214e-01 8.298331538461538592e-01 3.142967692307692129e-01
8.535909999999998776e-01 9.051430000000002529e-01 3.412839999999999763e-01
9.139047692307692428e-01 8.219846923076923328e-01 4.167523846153846634e-01
8.456943846153845978e-01 9.060403846153844976e-01 3.180357438461538511e-01
9.653717692307692833e-01 7.620593076923076747e-01 2.323526153846154074e-01
9.368982307692308442e-01 7.937283846153846412e-01 3.048273846153846112e-01
8.735302307692307533e-01 8.494503846153845794e-01 4.908216923076923477e-01
9.276275384615382258e-01 8.147693076923078204e-01 3.909130000000000105e-01
9.557703846153844385e-01 7.740009230769230308e-01 6.963925923076923208e-02
9.210921538461536162e-01 8.192753076923077193e-01 4.041265384615384537e-01
8.056228461538462726e-01 9.375539999999999985e-01 3.527813846153845523e-01
9.283928461538459853e-01 8.140306923076923162e-01 3.871759230769231119e-01
7.989510769230769860e-01 9.044653846153848376e-01 5.316547692307691531e-01
9.122326363636361624e-01 8.299996363636364949e-01 3.905949090909091037e-01
9.677130000000001564e-01 7.750080909090908410e-01 1.631848181818181809e-01
