9.213850000000001206e-01 8.192296153846151396e-01 3.800815384615384707e-01
8.649177857142856807e-01 8.839307857142858493e-01 3.241972857142856879e-01
9.165539411764707101e-01 8.166182941176469701e-01 2.977897847058823544e-01
8.306249142857142775e-01 8.869272571428573615e-01 4.550092285714285589e-01
9.174158181818183877e-01 8.164051948051949115e-01 3.102928485714285811e-01
9.175760517241378089e-01 8.176593137931035260e-01 3.004923841379310012e-01
8.706481308089500937e-01 8.615680051635111747e-01 3.511928252667813610e-01
8.035182360953461167e-01 9.177011838819523204e-01 4.545422319523269028e-01
9.114697282157675495e-01 8.207465342323650992e-01 2.915584941804979513e-01
8.517261905252315746e-01 9.042090504634400228e-01 3.436526072914520835e-01
9.454751936148301228e-01 7.937400659114314250e-01 2.612184971266734990e-01
9.572328949536561549e-01 7.776244212152420010e-01 2.263031606076210123e-01
9.389117797956867406e-01 7.978352656072644766e-01 2.676219208740068245e-01
8.130847375381484721e-01 9.232980854526958714e-01 3.945484530417089908e-01
9.140749221435795491e-01 8.194756208291202881e-01 3.323934501415571896e-01
8.174616116700199608e-01 8.970277947686116082e-01 4.881162357545271169e-01
9.372184749498997380e-01 8.079828236472944569e-01 3.175523180360721454e-01
8.245129484435796963e-01 8.923339698443579771e-01 4.392675560992217454e-01
9.387271332684824499e-01 7.950459513618678420e-01 2.692979892120622165e-01
8.979312611650485110e-01 8.341603213592232446e-01 3.219313105533980757e-01
7.848209038834950135e-01 9.243064165048544556e-01 5.125993009708736947e-01
9.748862089407194231e-01 7.541588328474245762e-01 2.056496909620991465e-01
9.301870495626823887e-01 8.084182721088435386e-01 2.732106830417881382e-01
9.534461611650485446e-01 7.904570902912620989e-01 2.277831970970873865e-01
9.210972194174754657e-01 8.519331126213592897e-01 1.302883886796117052e-01
9.469846143410851624e-01 7.982108207364341235e-01 1.415913032073643496e-01
9.166119437984496798e-01 8.227070000000000771e-01 2.522609594573643199e-01
7.907850368574200761e-01 9.308798545101845123e-01 4.559996378952472784e-01
7.924238372093024285e-01 9.292925406976744185e-01 4.496164738372091518e-01
9.381305324803150825e-01 7.993724645669291196e-01 2.554265963976378173e-01
8.519969880119879768e-01 8.777799780219780468e-01 3.737686158741259090e-01
7.955217879377431967e-01 9.200744727626458674e-01 4.872332023346302998e-01
9.001855487684730095e-01 8.396521763546798134e-01 3.079211731428571630e-01
9.289331052631578656e-01 8.087559775828460085e-01 2.671791584015594800e-01
8.397777812500000216e-01 8.819552001953125941e-01 4.560258428320311808e-01
8.306250714985308203e-01 8.913498912830558618e-01 4.253061724485798223e-01
9.172043488142291867e-01 8.219009219367588992e-01 2.756273681818182109e-01
9.173980128078818019e-01 8.182060591133004657e-01 3.124489785320196944e-01
9.146728969387755148e-01 8.218760010204080313e-01 3.039647964897959076e-01
8.890342777212614234e-01 8.403066083418108123e-01 3.486112446897252637e-01
9.052695034550840569e-01 8.286444550839091594e-01 3.177740279664363343e-01
9.296741243926142095e-01 8.075121156462585770e-01 2.731339235374149466e-01
8.382653107454016705e-01 8.822220242013553149e-01 4.401349781316554188e-01
7.912898705314010961e-01 9.277916125603865583e-01 4.639925326956521046e-01
9.287904589371981379e-01 8.069280608695651447e-01 2.751789961352657521e-01
9.142014386473430454e-01 8.268504193236714261e-01 2.664251477198067986e-01
7.888838619691120879e-01 9.317547297297298359e-01 4.608274546332046251e-01
8.611387357762776418e-01 8.651587000964320318e-01 3.795473479845708487e-01
9.353422063645131512e-01 8.008087116682737205e-01 2.629824958534233148e-01
8.444253789778205510e-01 9.051298929604627563e-01 3.335925021022179693e-01
8.534766943105109860e-01 8.691791166827387283e-01 4.819841199035679313e-01
8.973880385728062459e-01 8.362208408871745213e-01 2.996584284956605448e-01
8.874124696239150678e-01 8.510299459980712466e-01 3.243992788717454112e-01
9.203869199614268526e-01 8.521249440694310673e-01 1.335211713307618564e-01
8.084903085824496349e-01 9.368924648023141399e-01 3.411495197685630587e-01
9.118465766634523684e-01 8.243323751205400285e-01 3.237903005303760517e-01
9.054032538610039538e-01 8.373362953667953246e-01 2.994546280984556330e-01
9.662996196911199931e-01 7.777964749034750325e-01 1.602032023841698793e-01
9.638514946962395413e-01 7.798730983606557698e-01 1.685073760945033916e-01
9.207268331726133903e-01 8.176554676952747513e-01 2.744156436837029700e-01
8.048712536162005993e-01 9.204837772420445541e-01 4.330110794117646988e-01
8.195875313404051843e-01 9.121460279652846559e-01 4.366183683702989926e-01
9.200379556412728865e-01 8.198492478302796815e-01 2.492126236933461803e-01
9.289938152804642080e-01 8.094782224371372958e-01 2.462772546324951961e-01
8.470298932419196847e-01 8.812558050930461295e-01 4.041589328109695956e-01
9.370488094777563726e-01 8.059971073500966643e-01 2.764598242069632450e-01
8.252352446808509656e-01 9.183857437137329383e-01 3.612046566827852856e-01
9.500483773035887092e-01 7.808589291949564748e-01 2.699997996411250822e-01
9.285424964176048901e-01 8.102468126919140090e-01 2.747143761310133492e-01
8.256258188050930036e-01 9.050490891283056172e-01 4.121923634280117432e-01
9.226600850241547525e-01 8.110536608695652072e-01 2.834518462898550917e-01
9.141053478260871001e-01 8.199182995169082000e-01 3.129465232077294767e-01
9.233653916827849750e-01 8.477041605415861492e-01 1.395174613152805054e-01
9.119105696324950605e-01 8.227803858800772918e-01 2.145808316150870088e-01
9.152477117988394584e-01 8.204540851063829576e-01 2.762111234429399653e-01
9.033122173913044062e-01 8.309348173913043700e-01 3.113562252657005036e-01
9.209624231884054879e-01 8.522195487922705759e-01 1.299505304347826351e-01
9.319355057915058582e-01 8.089276602316601839e-01 2.438748899131274184e-01
9.146555444015445069e-01 8.245227277992278614e-01 2.735933642374517305e-01
8.034855965250966570e-01 9.312141206563705476e-01 3.943034514189188711e-01
8.382717944015444234e-01 8.853933909266409330e-01 4.101647820173744408e-01
9.304602113899614890e-01 8.068415222007722098e-01 2.607762517277992242e-01
9.373107335907335802e-01 8.037929816602316091e-01 2.096790895077220163e-01
7.916450867888138454e-01 9.221488640308582729e-01 4.937233886210221079e-01
9.076546190935391722e-01 8.291446075216971634e-01 2.982144027386692264e-01
9.330368050193050822e-01 8.060856206563706827e-01 2.605720096428571497e-01
8.093544700193424646e-01 9.174035435203095057e-01 4.270067782398452305e-01
8.957626705426356972e-01 8.395769738372091950e-01 2.921697175387596990e-01
9.152064405458089080e-01 8.213880233918129381e-01 2.946694284990253321e-01
9.274871367187500493e-01 8.126352958984375263e-01 2.533949589355468657e-01
8.249128696939783678e-01 9.004531658440275699e-01 4.220118687462981466e-01
9.044929188640973283e-01 8.298070314401622127e-01 3.130649711359025922e-01
9.010015967246672863e-01 8.320742282497441966e-01 3.277921922927328757e-01
9.408826731707319313e-01 7.976048029268293371e-01 2.358940329073170861e-01
8.327406356589147629e-01 8.902071327519380795e-01 4.245837629651162959e-01
8.458610798442064427e-01 8.814573057448880089e-01 3.982744194547224725e-01
9.218470126336248960e-01 8.162372050534498769e-01 2.781564126044703267e-01
8.365798231292518317e-01 9.045723663751213950e-01 3.453192310398444653e-01
7.896818081002893175e-01 9.274495197685633796e-01 4.763008540694310122e-01
9.054527405978786136e-01 8.291581041465766466e-01 2.832456827097395990e-01
9.416127297297297583e-01 7.967549710424709497e-01 2.521934346042470909e-01
8.527271399613899350e-01 9.042745260617762737e-01 3.450470444015443783e-01
7.941369555125725732e-01 9.298020512572534590e-01 4.471558594487427540e-01
8.378956969990318804e-01 8.830134027105518424e-01 4.234680404840270307e-01
9.384657454017425460e-01 8.036005459825749098e-01 2.505320327879961284e-01
9.214252671829619157e-01 8.516408422071635176e-01 1.293307996127784076e-01
7.860738491295937713e-01 9.197602814313348141e-01 5.272487211508704030e-01
8.589447891682785441e-01 8.679840444874274974e-01 3.743692088491295533e-01
9.212938081395348755e-01 8.157378265503875125e-01 2.762129081879844961e-01
8.968254534883720597e-01 8.356706211240310100e-01 3.409349819864341269e-01
9.745135556631173701e-01 7.542707454017423263e-01 2.048819980638915961e-01
9.022095306718597163e-01 8.356639941577410635e-01 2.597773497468354731e-01
9.341094790602655351e-01 8.028684698672114983e-01 2.125077309601634268e-01
8.163781203904555417e-01 9.211579663774402960e-01 4.002182114967461901e-01
8.856893795336787667e-01 8.435047694300518151e-01 3.675033843393781252e-01
9.356208330206379209e-01 8.011184108818012461e-01 2.708535143339587115e-01
8.614135855855857837e-01 8.784052252252253501e-01 3.254082585585585941e-01
7.834895294117646403e-01 9.318133529411766203e-01 4.852525882352940467e-01
