8.698285746268659135e-01 8.554646194029851269e-01 4.720077836567163621e-01
9.579777338129497055e-01 7.751458705035970675e-01 2.574501151798561094e-01
7.835172457142857150e-01 9.310623542857144885e-01 4.815407085714285551e-01
9.416419600000004442e-01 8.003689657142857294e-01 2.421410992571428888e-01
9.385043942857144161e-01 7.978919771428572005e-01 2.628677562857142380e-01
9.617773885714289150e-01 7.751129771428570958e-01 2.191648057142856487e-01
8.154630225988700465e-01 9.156489943502826856e-01 4.592440621468927286e-01
9.373177909604520908e-01 7.990353163841807937e-01 2.238416426553671845e-01
8.857128192090394370e-01 8.450327627118645601e-01 4.209175857062146808e-01
7.886978870056499114e-01 9.295560508474577377e-01 4.791327683615819177e-01
9.102418079096046277e-01 8.209818418079095625e-01 3.661736727683615467e-01
9.463568813559322113e-01 7.905819435028247355e-01 2.123764924858757286e-01
9.442726892655367577e-01 8.002520112994351287e-01 2.784474802259886417e-01
8.135412316384181830e-01 9.232884350282486441e-01 4.044834858757062612e-01
9.552886666666666748e-01 7.823903898305085702e-01 1.593205420903954783e-01
8.625999661016948705e-01 8.606924067796610789e-01 4.292690416949151988e-01
7.912390621468925467e-01 9.254040225988701129e-01 4.797847683615818482e-01
9.024533785310733247e-01 8.339731299435029221e-01 3.149849851412429014e-01
9.635929265536723465e-01 7.734931694915252454e-01 1.284538530508474441e-01
8.891003954802259024e-01 8.422685197740112928e-01 4.749608418079094840e-01
9.622322090395482030e-01 7.734550790960451616e-01 2.280700981920903703e-01
9.562586384180792320e-01 7.812657514124292657e-01 2.849321807909604432e-01
8.694882316384180410e-01 8.530368983050846676e-01 4.555062035028247247e-01
9.251321864406780726e-01 8.087149152542372210e-01 3.167719174011299765e-01
9.408452146892656298e-01 7.953424858757062177e-01 2.615166629378530838e-01
8.124305536723164245e-01 9.156206666666667493e-01 4.613252033898305182e-01
9.315968531073444137e-01 8.036517118644067592e-01 1.924043121468926865e-01
9.353317005649718352e-01 8.009787457627117746e-01 2.711123245762711576e-01
8.758091355932206001e-01 8.499371525423728979e-01 4.833545762711863314e-01
7.912030338983050415e-01 9.290754971751413738e-01 4.702778361581920752e-01
9.285221864406780767e-01 8.092568248587571622e-01 3.224587214124293166e-01
9.449546779661016638e-01 7.899346553672316196e-01 2.189840555932203170e-01
8.126083728813559004e-01 9.199130282485876720e-01 4.425549209039548182e-01
9.259165423728813460e-01 8.264046497175140393e-01 1.648563471751412213e-01
8.958167062146893400e-01 8.347742655367231812e-01 3.847147214689264905e-01
8.451788531073448629e-01 8.748413559322034683e-01 5.337489058757061144e-01
8.422715423728817097e-01 8.755370903954801109e-01 5.552609491525422047e-01
8.688378587570623202e-01 8.593378757062146711e-01 3.535373918644068025e-01
9.586275197740113940e-01 7.736037570621466797e-01 2.111146162146892713e-01
8.549357796610170812e-01 8.650750338983050902e-01 5.362039096045196906e-01
9.650917118644067871e-01 7.742467683615819052e-01 1.073184481355932141e-01
9.476532316384180810e-01 7.871225649717512596e-01 1.896085551412429182e-01
9.012251156069364111e-01 8.336090809248555278e-01 3.637448768208091376e-01
8.927953294797689177e-01 8.394711213872833033e-01 3.553992317919073551e-01
9.427204715909088817e-01 7.842217840909090354e-01 2.791033011363635574e-01
9.407254488636365153e-01 7.933738693181816570e-01 2.693473867045454440e-01
9.617985568181818268e-01 7.717781193181817434e-01 1.509159868181818298e-01
8.117566949152543732e-01 9.133173502824859513e-01 4.177952712994350559e-01
9.474603821656051306e-01 7.913450891719747693e-01 2.075899368152866464e-01
9.493951746031747962e-01 7.919866428571430417e-01 2.762377278571427897e-01
9.451649516129032591e-01 7.878463951612902916e-01 1.480525448387096654e-01
8.882213008130084297e-01 8.352777723577239355e-01 4.446377291056909375e-01
9.230421655629139632e-01 8.069834304635761235e-01 3.377728898675496638e-01
9.684914840764333732e-01 7.646561847133757084e-01 2.128751933121018347e-01
9.469169885714288082e-01 7.893932000000000171e-01 3.269164953142856822e-01
8.981610397727273210e-01 8.262810170454545355e-01 4.085399602272726804e-01
9.583058800000000543e-01 7.826860228571428379e-01 1.770576672571428922e-01
8.106947215909091620e-01 9.112848465909092477e-01 4.667908011363635645e-01
9.543982670454543848e-01 7.765914659090907834e-01 1.353276572727272753e-01
9.428598522727275055e-01 7.895319034090907406e-01 2.991843920454545502e-01
8.419448977272726564e-01 9.081808579545451732e-01 3.462521022727272912e-01
9.379200568181818021e-01 8.188186079545455298e-01 1.898864110795454307e-01
9.068420282485876172e-01 8.374240225988700548e-01 3.016182676271185747e-01
9.095346723163841851e-01 8.312636949152543142e-01 3.591039924858757115e-01
7.982127344632765631e-01 9.302365028248587020e-01 4.342954689265537960e-01
9.668860282485877145e-01 7.668885254237286508e-01 2.207362618644067576e-01
9.155067005649718537e-01 8.185631694915252998e-01 2.936431511864406874e-01
7.834343785310735608e-01 9.345005875706215992e-01 4.700659887005649296e-01
7.830993559322033670e-01 9.213846214689266345e-01 5.290749548022598558e-01
9.059705028248588032e-01 8.250061581920903331e-01 3.823475613559321751e-01
9.316767853107345010e-01 8.081023446327683102e-01 2.551074501694915453e-01
7.812449261363636488e-01 9.215794318181820266e-01 5.447699715909090079e-01
9.683458181818184185e-01 7.619196193181817511e-01 2.017209321590908988e-01
9.405322272727272281e-01 7.952942784090908379e-01 2.268438021022727014e-01
8.602233011363638049e-01 8.621396647727272988e-01 5.170236818181817018e-01
8.879489431818182732e-01 8.431896249999998316e-01 3.117127959090908451e-01
9.173168238636364435e-01 8.125469431818181931e-01 2.788300635795454285e-01
8.000180852272726906e-01 9.225611647727273157e-01 4.307722539204545398e-01
8.167605340909092071e-01 8.943332613636362227e-01 5.580510397727270755e-01
9.533556250000002619e-01 7.842202727272726825e-01 2.142698187499999796e-01
9.064351477272727386e-01 8.250728693181819118e-01 3.630679395454544656e-01
9.409656647727273615e-01 8.047298125000000857e-01 3.261070265340909047e-01
9.743581477272726943e-01 7.611443863636363494e-01 8.021757409090909952e-02
7.821572102272725813e-01 9.337852840909089958e-01 4.770734034090908793e-01
9.469616363636365053e-01 7.841766875000000248e-01 2.386696521590908893e-01
9.584766534090910506e-01 7.857789886363636400e-01 1.992285985795454184e-01
8.388941420454549824e-01 8.782702840909091258e-01 5.719696761363635140e-01
9.755662670454544605e-01 7.600012500000000726e-01 4.959549687499999887e-02
8.888288465909092162e-01 8.387548465909091533e-01 3.701388357386363737e-01
8.885893352272727919e-01 8.403484488636362437e-01 3.642659490340908746e-01
8.538186022727274338e-01 8.687367272727272161e-01 5.127901647727270973e-01
9.496815511363636553e-01 7.850867159090907377e-01 1.832891546022727414e-01
9.600227897727272586e-01 7.771376079545455617e-01 1.651521923863636387e-01
7.947157386363634668e-01 9.324565397727272442e-01 4.325306193181817083e-01
9.112624659090908796e-01 8.153635454545454797e-01 2.728274120454545204e-01
9.201213863636364954e-01 8.134560113636364331e-01 3.271480797159090903e-01
8.413311988636364980e-01 8.825127272727274486e-01 4.654017954545454083e-01
9.432395000000000085e-01 8.184024999999999217e-01 1.130099778977272512e-01
9.621886420454545119e-01 7.750356590909089904e-01 2.129095364204545149e-01
9.281590454545454172e-01 8.116757784090909977e-01 2.930375682954545757e-01
8.901504829545454633e-01 8.587683238636362182e-01 3.218663409090909422e-01
9.204691022727270466e-01 8.528336818181819767e-01 1.296596193181818457e-01
9.624737272727272863e-01 7.705259772727270917e-01 1.118780515340909026e-01
9.377466818181816599e-01 7.909078806818180540e-01 1.398853014204545497e-01
8.230216176470587230e-01 9.264314882352939762e-01 3.479439411764705947e-01
9.511889053254437565e-01 8.024753195266269845e-01 1.141829083431952774e-01
