8.902300933333333610e-01 8.422178399999999954e-01 3.965631866666665672e-01
8.916175555555557741e-01 8.425756767676767511e-01 3.849400607070707081e-01
8.846382905982906886e-01 8.518963247863248212e-01 3.628223476068375142e-01
9.042573730569949397e-01 8.297075595854921382e-01 3.611483455440414603e-01
8.916094267015707286e-01 8.394422748691099390e-01 3.652520995811517346e-01
8.874888256513026041e-01 8.428190841683367296e-01 3.833015351503005763e-01
8.947352278481013332e-01 8.356822341772150997e-01 3.670203708860759750e-01
9.112346986486488110e-01 8.198772608108108040e-01 3.453368222162161993e-01
9.142465520094562592e-01 8.208046536643025526e-01 3.632459386170212023e-01
9.318965838709678540e-01 8.004228580645160740e-01 2.939937918172043085e-01
8.707280072916667724e-01 8.516010041666668418e-01 4.254125215833332585e-01
9.044750482625484311e-01 8.281001959459458606e-01 3.332593602509652531e-01
9.173365922421948815e-01 8.217545231788079274e-01 2.793124087795648136e-01
9.310863436083408606e-01 8.129583445149592968e-01 3.476998090299184274e-01
9.327350768535263015e-01 8.065498806509946439e-01 2.248038795840868187e-01
9.199385900178251863e-01 8.165764590017825508e-01 2.700438966131907259e-01
8.097216795679568202e-01 9.077470612061205868e-01 4.646233966696669548e-01
8.196142052205218631e-01 9.225915175517551692e-01 3.700240408190818564e-01
9.151513346080305533e-01 8.227025506692159373e-01 2.733184106309751726e-01
9.245994643564358073e-01 8.148233633663366504e-01 2.843267399801980289e-01
9.244854356699201414e-01 8.169347373558119019e-01 2.416740571872227072e-01
6.757017243195787559e-01 9.425754688323091379e-01 6.566517585601405749e-01
8.712932210526316279e-01 8.567635807017544014e-01 4.217590308684209810e-01
8.943242410166520884e-01 8.387094154250657185e-01 3.960758671691498312e-01
6.756682322524103501e-01 9.426590262927257990e-01 6.561319114811567932e-01
9.211500534618752845e-01 8.523181437335671795e-01 1.285598808063102838e-01
9.168127368421054024e-01 8.211075543859648329e-01 3.571377501228069629e-01
8.262313040780141504e-01 8.921148191489360890e-01 4.509234474556736982e-01
9.358309922027291394e-01 8.016777387914230113e-01 2.789041288401559737e-01
9.303681348088531644e-01 8.064755503018107285e-01 3.009152444265593140e-01
9.301670877378436231e-01 8.088247959830866529e-01 3.068293398520084425e-01
9.178970042372881499e-01 8.182717256355931390e-01 3.172520751271186157e-01
9.231510827300930533e-01 8.137874684591519525e-01 3.061867835160289597e-01
9.293134684210526686e-01 8.114017347368419619e-01 2.787903241684210331e-01
9.102657725490196361e-01 8.265352431372547937e-01 2.835973956470588253e-01
8.461572283539484651e-01 8.765317031398667247e-01 4.223109734728829334e-01
9.210509496797805173e-01 8.200271866422690348e-01 3.740665748856358275e-01
9.569564183486238829e-01 7.711056018348622088e-01 2.638192715963302848e-01
9.388074903758021339e-01 7.986307699358385914e-01 2.983118491384051385e-01
7.963822493200360952e-01 9.272684496826835154e-01 4.463339359474161050e-01
9.037713151969980485e-01 8.358013424015008352e-01 3.048529957317073213e-01
9.306962587677725107e-01 8.122852682464455354e-01 3.043726939810426080e-01
7.968750612648219933e-01 9.155562134387352780e-01 4.868801064130433565e-01
8.486997768844219969e-01 8.827109185929647994e-01 4.004442171658291194e-01
9.322041496945010497e-01 8.083675112016293074e-01 3.148794169857432879e-01
9.301912239263803173e-01 8.232040807770960589e-01 1.923433422699386275e-01
9.253230706357215007e-01 8.126155206861755964e-01 2.617145864278506706e-01
8.792043504721931413e-01 8.481363819517313551e-01 4.013806734627491934e-01
8.989813082872928351e-01 8.349430110497237933e-01 3.727987308618784246e-01
8.900268241758242382e-01 8.436474175824174582e-01 3.749524891538461580e-01
8.758043420752565922e-01 8.540408700114024976e-01 3.805315584606612789e-01
9.293028017031631505e-01 8.037666021897811319e-01 2.966629945255473966e-01
9.234109843561973952e-01 8.155782599277977551e-01 3.227069535740071937e-01
8.502666052963429033e-01 8.910219104665826340e-01 3.512358512736443172e-01
9.178869987163028599e-01 8.190018562259305801e-01 2.933421236200256521e-01
8.520573251700681583e-01 8.917570408163264517e-01 3.462292141360544528e-01
9.254270068119890835e-01 8.127970054495911034e-01 3.473625001634877418e-01
9.281894609826589759e-01 8.066344971098264871e-01 2.859392474566473941e-01
8.805172985507246919e-01 8.480969217391304271e-01 4.265233396956521483e-01
8.587508887323943574e-01 8.711961225352112814e-01 3.828360906619719395e-01
9.208026771428571289e-01 8.151090714285713634e-01 2.633622282999999453e-01
9.242441107954545432e-01 8.120336946022725932e-01 3.002515097727272986e-01
8.764569634641408147e-01 8.534581745602165537e-01 3.918108373477672268e-01
9.176355303797468776e-01 8.202390025316456112e-01 3.289750689620252189e-01
8.624258267326732064e-01 8.656659170792079250e-01 3.786554692450495030e-01
8.564357118226600951e-01 8.681606847290640472e-01 3.978418368596058907e-01
8.468834935064933900e-01 8.969329846517120064e-01 3.820709650295158744e-01
9.428909533116177633e-01 7.948811737242126307e-01 2.906868310532030319e-01
9.286969754253308063e-01 8.100643308128545605e-01 2.566758785822306210e-01
9.290543945386066094e-01 8.066624698681733596e-01 2.924690758380414368e-01
9.019967233830845643e-01 8.411992378109452995e-01 3.185780929850746124e-01
8.024418567164178784e-01 9.171337313432836869e-01 4.533415983681592376e-01
8.977996541961577037e-01 8.386124024266936594e-01 3.046068519312436496e-01
9.189421717171718518e-01 8.185306656565657368e-01 2.862082282727272387e-01
8.450015259409968671e-01 8.981810844354018997e-01 3.678583459104781128e-01
7.877561616266944844e-01 9.258310907194996497e-01 4.887433100521375584e-01
8.926779070010448791e-01 8.426931191222571949e-01 3.184912254022988498e-01
9.423890261780105693e-01 7.949485204188481147e-01 2.621843171308900766e-01
9.462585752401280192e-01 7.827672198505870593e-01 2.889565457310564467e-01
9.309905316062175862e-01 8.097592373056995418e-01 2.573783794300518180e-01
9.177883449304174990e-01 8.167032683896620071e-01 3.065489995526838318e-01
8.515689117938552988e-01 8.811439038652130185e-01 3.729074709613477978e-01
8.308798475728155219e-01 8.881110728155340306e-01 4.231258071067959814e-01
9.395448714425906900e-01 7.912937576054955846e-01 2.675376159568203516e-01
9.361917855731225480e-01 8.057831521739130531e-01 3.051078094762845749e-01
9.029681290963256224e-01 8.357233743793445191e-01 3.639063883912611597e-01
9.145245106589147133e-01 8.229297189922480937e-01 2.800447483042635688e-01
8.441339027504911607e-01 8.854266453831043382e-01 4.186157240275049651e-01
8.991500408805030986e-01 8.291292987421384764e-01 3.682427576205450359e-01
8.511945336091003567e-01 8.875979534643226865e-01 3.623319786866597281e-01
9.132401087398372974e-01 8.198262896341463879e-01 3.092482668597560380e-01
9.266361872427983926e-01 8.130100154320987205e-01 3.028936373868312271e-01
8.337224484911550659e-01 8.912583048907388727e-01 4.126970237044744749e-01
8.864707346278318800e-01 8.455465372168284865e-01 3.158321669255663156e-01
9.432763834951457538e-01 7.933178854368930777e-01 2.829007239708737353e-01
9.379796276067527971e-01 7.950733286991061854e-01 2.775364321350545227e-01
9.363933409090908766e-01 8.011206003787879615e-01 2.635897805965908836e-01
9.494870019011406592e-01 7.884880114068442136e-01 2.248246072148289143e-01
8.455637313150425882e-01 8.859657095553453710e-01 3.785965162724692079e-01
9.052133603431841147e-01 8.276380409914204650e-01 3.340693815729265936e-01
9.225959593956564175e-01 8.081489801699716091e-01 3.237303988951841238e-01
7.819087021677662008e-01 9.289684835061263746e-01 5.005541024222430746e-01
7.934327994350282021e-01 9.160234689265537300e-01 5.136245426930319269e-01
8.888857335216574507e-01 8.386849209039547448e-01 4.145516560828624852e-01
8.310606117982872743e-01 9.197219229305421129e-01 3.428698322359657880e-01
7.856604123809522999e-01 9.313105209523809824e-01 4.749130742952381024e-01
9.263514143007359758e-01 8.134413522607780722e-01 2.122555712618296453e-01
9.255483157199472233e-01 8.133918969616908967e-01 3.340859526023777781e-01
8.450690316742082153e-01 8.815855882352942041e-01 4.006178092986425465e-01
9.332253888888888405e-01 8.060106262626262064e-01 3.101447529292928884e-01
9.387710869565215610e-01 7.998241304347828429e-01 2.783910076086956176e-01
