i	j	i_id	j_id	r_sco	s_sco	prob
65	85	65_I	85_S	0.3553	3.146	1.000
91	134	91_T	134_G	0.3001	2.657	1.000
85	89	85_S	89_A	0.2837	2.512	1.000
54	92	54_Q	92_G	0.2519	2.230	1.000
18	22	18_G	22_G	0.2305	2.040	1.000
25	104	25_M	104_A	0.2164	1.915	1.000
124	128	124_A	128_E	0.1980	1.753	0.999
60	136	60_V	136_V	0.1976	1.749	0.999
125	129	125_A	129_T	0.1969	1.744	0.999
32	51	32_A	51_P	0.1949	1.726	0.999
37	40	37_Q	40_K	0.1907	1.688	0.998
96	100	96_G	100_G	0.1866	1.652	0.998
136	139	136_V	139_F	0.1785	1.580	0.997
106	124	106_G	124_A	0.1731	1.532	0.995
54	95	54_Q	95_S	0.1711	1.515	0.995
60	129	60_V	129_T	0.1694	1.500	0.994
93	96	93_L	96_G	0.1675	1.483	0.994
12	62	12_T	62_A	0.1650	1.460	0.993
9	13	9_A	13_I	0.1610	1.426	0.991
51	54	51_P	54_Q	0.1604	1.420	0.991
57	128	57_Y	128_E	0.1593	1.411	0.990
135	139	135_F	139_F	0.1592	1.409	0.990
74	77	74_S	77_Q	0.1587	1.405	0.990
8	84	8_M	84_A	0.1554	1.376	0.988
15	58	15_S	58_G	0.1538	1.361	0.986
3	78	3_F	78_G	0.1478	1.308	0.981
47	52	47_L	52_G	0.1477	1.307	0.981
10	14	10_T	14_F	0.1436	1.271	0.976
64	142	64_L	142_V	0.1433	1.269	0.976
17	93	17_I	93_L	0.1384	1.225	0.968
11	62	11_A	62_A	0.1345	1.191	0.961
61	88	61_I	88_I	0.1341	1.187	0.960
29	47	29_A	47_L	0.1341	1.187	0.960
46	144	46_I	144_N	0.1339	1.185	0.959
13	25	13_I	25_M	0.1328	1.176	0.957
23	52	23_V	52_G	0.1328	1.176	0.957
63	139	63_F	139_F	0.1326	1.174	0.957
130	133	130_Y	133_L	0.1326	1.174	0.957
56	60	56_L	60_V	0.1313	1.163	0.954
4	7	4_A	7_A	0.1313	1.162	0.953
46	121	46_I	121_I	0.1293	1.145	0.948
21	98	21_K	98_A	0.1288	1.141	0.947
111	114	111_A	114_P	0.1285	1.137	0.946
14	89	14_F	89_A	0.1278	1.132	0.944
61	138	61_I	138_S	0.1271	1.125	0.942
48	91	48_Q	91_T	0.1264	1.119	0.939
2	6	2_V	6_L	0.1243	1.101	0.933
25	97	25_M	97_I	0.1235	1.093	0.929
68	81	68_N	81_F	0.1234	1.092	0.929
7	85	7_A	85_S	0.1231	1.090	0.928
50	53	50_L	53_T	0.1226	1.085	0.926
98	127	98_A	127_V	0.1224	1.083	0.925
68	143	68_N	143_L	0.1219	1.079	0.923
54	57	54_Q	57_Y	0.1204	1.066	0.917
61	139	61_I	139_F	0.1201	1.063	0.916
54	99	54_Q	99_Q	0.1192	1.055	0.912
30	46	30_A	46_I	0.1188	1.051	0.910
27	32	27_G	32_A	0.1183	1.047	0.908
22	100	22_G	100_G	0.1177	1.042	0.905
65	142	65_I	142_V	0.1176	1.041	0.904
61	137	61_I	137_I	0.1162	1.029	0.897
132	136	132_I	136_V	0.1157	1.024	0.894
87	138	87_P	138_S	0.1152	1.020	0.892
100	104	100_G	104_A	0.1148	1.016	0.890
11	138	11_A	138_S	0.1147	1.015	0.889
84	141	84_A	141_L	0.1146	1.015	0.889
8	65	8_M	65_I	0.1145	1.014	0.888
5	8	5_V	8_M	0.1135	1.005	0.883
47	50	47_L	50_L	0.1135	1.004	0.882
51	99	51_P	99_Q	0.1131	1.001	0.880
44	123	44_A	123_F	0.1118	0.989	0.872
30	44	30_A	44_A	0.1112	0.985	0.869
44	110	44_A	110_L	0.1109	0.982	0.867
118	121	118_T	121_I	0.1108	0.981	0.866
102	123	102_V	123_F	0.1107	0.980	0.865
21	25	21_K	25_M	0.1096	0.970	0.857
3	79	3_F	79_L	0.1093	0.967	0.855
48	132	48_Q	132_I	0.1090	0.965	0.853
12	90	12_T	90_F	0.1089	0.964	0.853
13	91	13_I	91_T	0.1088	0.963	0.852
71	144	71_S	144_N	0.1085	0.960	0.849
23	27	23_V	27_G	0.1080	0.956	0.846
12	84	12_T	84_A	0.1075	0.952	0.843
65	81	65_I	81_F	0.1074	0.951	0.842
70	73	70_G	73_M	0.1073	0.950	0.841
30	34	30_A	34_T	0.1073	0.950	0.841
29	104	29_A	104_A	0.1069	0.946	0.838
117	124	117_A	124_A	0.1069	0.946	0.838
7	82	7_A	82_L	0.1068	0.945	0.837
21	97	21_K	97_I	0.1067	0.944	0.836
109	120	109_I	120_G	0.1066	0.944	0.836
120	124	120_G	124_A	0.1062	0.941	0.833
57	95	57_Y	95_S	0.1060	0.939	0.832
18	100	18_G	100_G	0.1059	0.938	0.831
80	142	80_N	142_V	0.1058	0.936	0.829
88	140	88_I	140_L	0.1054	0.933	0.826
55	130	55_G	130_Y	0.1053	0.933	0.826
115	122	115_E	122_I	0.1052	0.931	0.824
6	94	6_L	94_F	0.1048	0.928	0.822
69	142	69_L	142_V	0.1047	0.927	0.821
33	44	33_L	44_A	0.1046	0.926	0.820
9	87	9_A	87_P	0.1042	0.922	0.816
56	59	56_L	59_F	0.1040	0.921	0.815
10	71	10_T	71_S	0.1040	0.921	0.815
60	92	60_V	92_G	0.1027	0.909	0.803
32	35	32_A	35_T	0.1027	0.909	0.803
95	128	95_S	128_E	0.1018	0.901	0.795
65	140	65_I	140_L	0.1009	0.893	0.787
56	62	56_L	62_A	0.1005	0.890	0.783
59	135	59_F	135_F	0.1004	0.889	0.782
44	49	44_A	49_L	0.1002	0.887	0.780
25	28	25_M	28_E	0.0997	0.883	0.776
47	51	47_L	51_P	0.0994	0.880	0.772
102	127	102_V	127_V	0.0994	0.880	0.772
141	144	141_L	144_N	0.0992	0.878	0.770
96	125	96_G	125_A	0.0991	0.878	0.770
7	11	7_A	11_A	0.0989	0.875	0.767
5	80	5_V	80_N	0.0988	0.875	0.767
102	115	102_V	115_E	0.0988	0.874	0.766
11	24	11_A	24_G	0.0980	0.868	0.759
52	55	52_G	55_G	0.0979	0.867	0.757
33	37	33_L	37_Q	0.0974	0.862	0.752
16	55	16_G	55_G	0.0974	0.862	0.752
62	65	62_A	65_I	0.0971	0.859	0.748
98	101	98_A	101_K	0.0971	0.859	0.748
136	140	136_V	140_L	0.0969	0.858	0.747
13	90	13_I	90_F	0.0964	0.853	0.741
34	42	34_T	42_G	0.0963	0.853	0.741
19	128	19_S	128_E	0.0959	0.849	0.736
73	81	73_M	81_F	0.0956	0.847	0.733
79	144	79_L	144_N	0.0954	0.844	0.730
34	109	34_T	109_I	0.0953	0.843	0.728
79	142	79_L	142_V	0.0952	0.843	0.728
14	29	14_F	29_A	0.0950	0.841	0.726
14	93	14_F	93_L	0.0943	0.835	0.718
19	22	19_S	22_G	0.0938	0.830	0.712
27	31	27_G	31_A	0.0937	0.830	0.712
72	140	72_D	140_L	0.0937	0.829	0.710
66	142	66_F	142_V	0.0931	0.824	0.704
54	131	54_Q	131_A	0.0930	0.823	0.702
49	63	49_L	63_F	0.0930	0.823	0.702
39	44	39_E	44_A	0.0929	0.823	0.702
95	120	95_S	120_G	0.0929	0.822	0.701
112	125	112_K	125_A	0.0928	0.822	0.701
62	137	62_A	137_I	0.0925	0.819	0.697
64	144	64_L	144_N	0.0924	0.818	0.696
20	134	20_A	134_G	0.0921	0.815	0.692
126	129	126_M	129_T	0.0919	0.813	0.689
6	9	6_L	9_A	0.0918	0.812	0.688
128	131	128_E	131_A	0.0913	0.808	0.682
77	80	77_Q	80_N	0.0912	0.808	0.682
42	46	42_G	46_I	0.0911	0.807	0.681
103	124	103_A	124_A	0.0911	0.806	0.679
8	79	8_M	79_L	0.0908	0.804	0.677
55	88	55_G	88_I	0.0905	0.802	0.674
3	7	3_F	7_A	0.0905	0.801	0.672
112	135	112_K	135_F	0.0903	0.800	0.671
15	19	15_S	19_S	0.0903	0.799	0.670
40	43	40_K	43_Q	0.0903	0.799	0.670
25	100	25_M	100_G	0.0903	0.799	0.670
30	42	30_A	42_G	0.0900	0.796	0.665
69	144	69_L	144_N	0.0898	0.795	0.664
48	103	48_Q	103_A	0.0897	0.794	0.663
10	86	10_T	86_L	0.0895	0.792	0.660
72	76	72_D	76_V	0.0894	0.792	0.660
73	77	73_M	77_Q	0.0892	0.790	0.657
92	99	92_G	99_Q	0.0891	0.789	0.655
47	99	47_L	99_Q	0.0888	0.786	0.651
123	126	123_F	126_M	0.0887	0.786	0.651
10	13	10_T	13_I	0.0885	0.783	0.647
43	119	43_Q	119_K	0.0882	0.781	0.644
74	106	74_S	106_G	0.0882	0.781	0.644
5	84	5_V	84_A	0.0881	0.780	0.642
28	105	28_E	105_A	0.0881	0.780	0.642
53	59	53_T	59_F	0.0881	0.780	0.642
125	130	125_A	130_Y	0.0878	0.777	0.638
110	136	110_L	136_V	0.0877	0.777	0.638
15	92	15_S	92_G	0.0875	0.774	0.634
71	78	71_S	78_G	0.0875	0.774	0.634
110	128	110_L	128_E	0.0873	0.773	0.632
65	141	65_I	141_L	0.0871	0.771	0.629
92	97	92_G	97_I	0.0870	0.770	0.628
71	142	71_S	142_V	0.0869	0.769	0.626
83	102	83_G	102_V	0.0864	0.765	0.620
129	136	129_T	136_V	0.0862	0.763	0.617
5	114	5_V	114_P	0.0861	0.763	0.617
110	120	110_L	120_G	0.0860	0.761	0.614
51	58	51_P	58_G	0.0858	0.760	0.613
17	86	17_I	86_L	0.0858	0.759	0.611
84	135	84_A	135_F	0.0855	0.757	0.608
79	90	79_L	90_F	0.0854	0.756	0.607
95	99	95_S	99_Q	0.0854	0.756	0.607
59	102	59_F	102_V	0.0848	0.750	0.597
69	77	69_L	77_Q	0.0847	0.750	0.597
32	36	32_A	36_S	0.0845	0.748	0.594
66	70	66_F	70_G	0.0837	0.741	0.584
6	63	6_L	63_F	0.0836	0.740	0.582
19	58	19_S	58_G	0.0834	0.739	0.581
27	48	27_G	48_Q	0.0833	0.737	0.577
91	95	91_T	95_S	0.0831	0.736	0.576
24	28	24_G	28_E	0.0831	0.736	0.576
139	143	139_F	143_L	0.0830	0.735	0.574
16	126	16_G	126_M	0.0827	0.732	0.570
35	38	35_T	38_P	0.0825	0.730	0.567
49	56	49_L	56_L	0.0822	0.728	0.563
45	72	45_L	72_D	0.0822	0.727	0.562
12	15	12_T	15_S	0.0821	0.727	0.562
83	90	83_G	90_F	0.0820	0.726	0.560
85	116	85_S	116_H	0.0815	0.721	0.552
67	143	67_I	143_L	0.0814	0.721	0.552
121	133	121_I	133_L	0.0814	0.721	0.552
22	27	22_G	27_G	0.0814	0.721	0.552
50	120	50_L	120_G	0.0813	0.720	0.551
8	15	8_M	15_S	0.0812	0.719	0.549
121	136	121_I	136_V	0.0812	0.719	0.549
