i	j	i_id	j_id	r_sco	s_sco	prob
22	36	22_V	36_S	0.3413	2.346	1.000
28	89	28_D	89_H	0.2891	1.987	1.000
38	41	38_S	41_L	0.2543	1.748	1.000
77	80	77_S	80_I	0.2502	1.720	0.999
45	49	45_V	49_V	0.2481	1.705	0.999
25	35	25_L	35_L	0.2360	1.623	0.999
31	34	31_E	34_T	0.2254	1.549	0.998
77	81	77_S	81_V	0.2191	1.506	0.997
32	83	32_K	83_V	0.2187	1.503	0.997
43	75	43_L	75_V	0.2101	1.444	0.996
25	33	25_L	33_M	0.2085	1.433	0.996
30	34	30_G	34_T	0.2075	1.427	0.996
5	9	5_V	9_I	0.2030	1.396	0.995
8	13	8_V	13_L	0.1905	1.309	0.990
15	43	15_F	43_L	0.1894	1.302	0.990
16	71	16_S	71_T	0.1891	1.300	0.990
19	75	19_T	75_V	0.1880	1.293	0.989
31	38	31_E	38_S	0.1822	1.253	0.986
74	78	74_F	78_S	0.1801	1.238	0.984
24	34	24_Y	34_T	0.1794	1.233	0.984
39	42	39_V	42_S	0.1776	1.221	0.982
18	48	18_L	48_L	0.1754	1.206	0.980
13	18	13_L	18_L	0.1746	1.201	0.980
12	72	12_C	72_M	0.1689	1.161	0.973
8	53	8_V	53_L	0.1667	1.146	0.971
3	50	3_Y	50_I	0.1660	1.141	0.970
34	38	34_T	38_S	0.1655	1.138	0.969
15	19	15_F	19_T	0.1650	1.134	0.968
17	53	17_F	53_L	0.1636	1.124	0.966
67	71	67_Y	71_T	0.1625	1.117	0.964
53	56	53_L	56_S	0.1622	1.115	0.964
81	85	81_V	85_V	0.1617	1.111	0.963
32	74	32_K	74_F	0.1601	1.101	0.960
16	22	16_S	22_V	0.1593	1.095	0.959
68	71	68_M	71_T	0.1580	1.086	0.956
17	21	17_F	21_L	0.1579	1.086	0.956
25	28	25_L	28_D	0.1575	1.083	0.955
30	86	30_G	86_I	0.1572	1.081	0.955
22	38	22_V	38_S	0.1563	1.074	0.953
84	88	84_V	88_T	0.1529	1.051	0.945
51	54	51_V	54_I	0.1528	1.050	0.945
39	48	39_V	48_L	0.1525	1.048	0.944
3	58	3_Y	58_S	0.1516	1.042	0.942
75	85	75_V	85_V	0.1514	1.041	0.941
59	64	59_S	64_I	0.1512	1.039	0.940
21	33	21_L	33_M	0.1497	1.029	0.937
66	69	66_K	69_L	0.1495	1.028	0.936
61	70	61_V	70_F	0.1487	1.022	0.934
82	90	82_T	90_H	0.1446	0.994	0.921
72	76	72_M	76_I	0.1444	0.993	0.920
48	64	48_L	64_I	0.1433	0.985	0.916
9	64	9_I	64_I	0.1422	0.977	0.912
69	81	69_L	81_V	0.1414	0.972	0.909
44	48	44_T	48_L	0.1408	0.968	0.907
10	20	10_I	20_V	0.1391	0.956	0.899
3	24	3_Y	24_Y	0.1389	0.955	0.899
19	78	19_T	78_S	0.1386	0.953	0.897
44	51	44_T	51_V	0.1386	0.952	0.897
50	68	50_I	68_M	0.1384	0.951	0.896
55	62	55_P	62_P	0.1370	0.942	0.890
50	88	50_I	88_T	0.1362	0.936	0.886
32	65	32_K	65_G	0.1358	0.934	0.885
65	72	65_G	72_M	0.1355	0.931	0.883
36	70	36_S	70_F	0.1353	0.930	0.882
68	75	68_M	75_V	0.1350	0.928	0.881
43	54	43_L	54_I	0.1349	0.928	0.881
21	83	21_L	83_V	0.1343	0.923	0.877
19	48	19_T	48_L	0.1336	0.919	0.874
6	65	6_V	65_G	0.1335	0.918	0.873
47	57	47_L	57_T	0.1331	0.915	0.871
46	56	46_F	56_S	0.1328	0.913	0.869
46	71	46_F	71_T	0.1328	0.913	0.869
76	81	76_I	81_V	0.1317	0.905	0.863
13	44	13_L	44_T	0.1315	0.904	0.862
5	10	5_V	10_I	0.1307	0.898	0.857
31	41	31_E	41_L	0.1306	0.898	0.857
36	46	36_S	46_F	0.1300	0.893	0.853
3	7	3_Y	7_N	0.1298	0.892	0.852
27	82	27_T	82_T	0.1291	0.888	0.849
21	80	21_L	80_I	0.1288	0.885	0.846
9	52	9_I	52_E	0.1286	0.884	0.845
75	79	75_V	79_I	0.1283	0.882	0.843
31	86	31_E	86_I	0.1280	0.880	0.841
13	17	13_L	17_F	0.1279	0.879	0.840
14	76	14_L	76_I	0.1277	0.878	0.839
33	79	33_M	79_I	0.1275	0.876	0.838
40	43	40_L	43_L	0.1257	0.864	0.826
34	42	34_T	42_S	0.1251	0.860	0.822
10	14	10_I	14_L	0.1239	0.852	0.814
12	19	12_C	19_T	0.1236	0.850	0.812
44	54	44_T	54_I	0.1231	0.846	0.808
49	52	49_V	52_E	0.1230	0.845	0.807
23	26	23_F	26_P	0.1224	0.841	0.802
19	39	19_T	39_V	0.1220	0.839	0.800
16	67	16_S	67_Y	0.1214	0.834	0.795
67	78	67_Y	78_S	0.1209	0.831	0.791
37	45	37_I	45_V	0.1208	0.831	0.791
7	44	7_N	44_T	0.1204	0.828	0.788
75	80	75_V	80_I	0.1202	0.826	0.785
73	81	73_I	81_V	0.1201	0.826	0.785
56	63	56_S	63_L	0.1193	0.820	0.778
70	74	70_F	74_F	0.1192	0.820	0.778
7	51	7_N	51_V	0.1192	0.819	0.777
8	75	8_V	75_V	0.1191	0.818	0.776
4	40	4_F	40_L	0.1189	0.817	0.775
15	36	15_F	36_S	0.1181	0.812	0.769
60	66	60_A	66_K	0.1177	0.809	0.765
4	72	4_F	72_M	0.1175	0.808	0.764
17	27	17_F	27_T	0.1173	0.806	0.761
75	83	75_V	83_V	0.1172	0.806	0.761
18	79	18_L	79_I	0.1169	0.804	0.759
61	65	61_V	65_G	0.1169	0.804	0.759
42	48	42_S	48_L	0.1164	0.800	0.754
37	59	37_I	59_S	0.1157	0.795	0.747
54	79	54_I	79_I	0.1149	0.790	0.741
10	77	10_I	77_S	0.1148	0.789	0.739
39	58	39_V	58_S	0.1144	0.787	0.737
68	79	68_M	79_I	0.1139	0.783	0.731
29	75	29_S	75_V	0.1139	0.783	0.731
73	88	73_I	88_T	0.1134	0.780	0.727
63	66	63_L	66_K	0.1128	0.775	0.721
33	37	33_M	37_I	0.1125	0.774	0.719
9	32	9_I	32_K	0.1122	0.771	0.715
83	87	83_V	87_N	0.1120	0.770	0.714
19	43	19_T	43_L	0.1119	0.769	0.712
5	32	5_V	32_K	0.1115	0.767	0.709
6	53	6_V	53_L	0.1114	0.766	0.708
27	86	27_T	86_I	0.1112	0.764	0.705
20	54	20_V	54_I	0.1109	0.762	0.702
39	44	39_V	44_T	0.1108	0.762	0.702
8	37	8_V	37_I	0.1105	0.760	0.699
18	64	18_L	64_I	0.1105	0.760	0.699
22	26	22_V	26_P	0.1098	0.755	0.692
42	51	42_S	51_V	0.1097	0.754	0.691
17	63	17_F	63_L	0.1095	0.753	0.689
19	55	19_T	55_P	0.1095	0.753	0.689
19	35	19_T	35_L	0.1084	0.745	0.677
