9.007606800000000913e-01 8.319421200000001182e-01 3.210034934000000062e-01
7.909989821428572432e-01 9.138023928571428200e-01 5.275730357142855986e-01
6.793197758620690418e-01 9.410352758620690317e-01 6.486761896551723749e-01
9.473810172413791308e-01 7.843299310344825637e-01 2.645595517241379202e-01
9.152962931034483995e-01 8.186558448275861322e-01 3.865991551724137776e-01
7.977129137931034952e-01 9.357901379310342715e-01 3.958726551724137677e-01
8.053242068965515976e-01 9.154910172413791569e-01 4.539753103448275762e-01
9.350959137931034171e-01 8.100151379310344124e-01 2.534840462068965183e-01
8.321399666666667860e-01 8.778146666666668541e-01 4.313847556666666749e-01
8.102228688524589773e-01 9.060317868852458822e-01 4.781412459016393113e-01
9.505039344262294909e-01 7.899592459016394619e-01 1.976066783606557353e-01
9.068080645161289421e-01 8.285874677419355905e-01 3.762556561290323343e-01
7.941635161290323541e-01 9.358190483870965082e-01 4.159206935483870105e-01
7.990993870967741941e-01 9.336174677419353252e-01 3.983411612903224874e-01
8.215477258064515231e-01 9.046506935483871192e-01 4.147029948387096487e-01
9.287408387096773854e-01 8.110423064516129044e-01 3.324346129032259012e-01
9.307489354838707207e-01 8.107125483870968319e-01 3.587794301612903247e-01
8.976163548387096069e-01 8.315535967741934931e-01 3.019455270967740801e-01
9.274445483870967788e-01 8.085769032258064426e-01 3.501784946774192941e-01
9.178080483870967310e-01 8.156645645161290092e-01 3.546506775806451128e-01
8.262696451612902004e-01 9.236323064516127612e-01 3.469122258064517017e-01
9.541810967741936045e-01 7.870061612903225257e-01 1.638092103225806395e-01
8.715054193548389394e-01 8.524912258064518689e-01 4.464259250000000012e-01
8.803451311475410934e-01 8.493253278688523977e-01 4.441390601639343960e-01
7.878850983606556779e-01 9.280604262295081286e-01 4.806339180327868221e-01
9.518284918032787756e-01 7.875580983606557117e-01 2.010937545901639589e-01
9.082333934426227717e-01 8.216113278688523813e-01 2.703402847540983256e-01
8.196064999999999046e-01 9.293020483870966242e-01 3.354062096774193535e-01
9.348814677419354791e-01 8.041560967741933075e-01 2.898130377419355641e-01
9.267885161290321250e-01 7.965905161290320891e-01 3.308873709677420116e-01
9.638145967741932330e-01 7.673212741935484527e-01 2.453371720967742198e-01
9.291234677419353272e-01 8.049957096774196241e-01 3.143171667741934128e-01
9.590625483870967027e-01 7.740540967741936784e-01 2.344755322580645285e-01
8.183602258064515134e-01 9.067711290322579831e-01 4.730550322580643896e-01
8.831875645161290089e-01 8.407122580645162158e-01 2.919788074193547800e-01
9.474830967741935117e-01 7.878973387096775971e-01 2.400338603225806167e-01
8.533338709677422695e-01 8.675032903225807779e-01 5.408163870967741538e-01
9.154435322580641854e-01 8.202074193548385406e-01 2.986660438709677901e-01
8.267141612903224912e-01 8.947673548387096165e-01 4.682805430645161637e-01
9.560160806451613036e-01 7.894893709677417437e-01 2.118773766129032621e-01
7.876644677419354368e-01 9.275973387096771994e-01 4.796945322580644100e-01
9.803921290322578086e-01 7.519604354838708149e-01 1.134106225806451144e-02
9.432818225806450796e-01 7.965584516129029513e-01 2.023922377419355156e-01
7.527734098360654436e-01 9.329920000000000435e-01 5.245062131147540940e-01
8.051088064516130904e-01 9.039191774193549023e-01 5.096263548387096609e-01
9.745520161290319727e-01 7.550782258064516750e-01 2.059647096774193664e-01
9.239292580645158681e-01 8.162780483870967219e-01 3.314953282258065181e-01
8.028712258064516494e-01 9.183749032258062828e-01 4.515417366129030885e-01
9.514549032258062811e-01 7.803971612903225497e-01 3.057676935483872316e-01
9.058530322580645722e-01 8.293680483870965459e-01 3.124144517741935245e-01
9.399833548387095394e-01 7.963635483870968867e-01 2.118818933870967869e-01
9.166568387096771797e-01 8.199147903225806333e-01 3.538619356451613296e-01
9.488978548387094758e-01 8.027592419354837583e-01 1.290180495161290242e-01
8.981051774193548054e-01 8.306791129032258247e-01 3.228568549999999981e-01
9.151629354838708430e-01 8.225731129032258782e-01 3.230653119354838232e-01
7.827404098360657425e-01 9.228762131147542069e-01 5.298814426229508934e-01
8.347418387096774417e-01 8.910642096774192833e-01 4.270253817741934133e-01
9.708925483870965989e-01 7.670260322580646495e-01 8.516865258064515443e-02
7.970770408163264653e-01 9.292835918367345904e-01 4.375761632653060174e-01
8.469352499999999173e-01 8.825255999999999101e-01 4.432451333333332077e-01
9.020649482758621440e-01 8.276418793103449412e-01 3.171167068965517477e-01
9.411243157894735312e-01 7.915138771929823847e-01 1.644622240350877285e-01
8.013920545454548128e-01 9.094415818181817990e-01 5.009944909090909837e-01
8.111326363636363057e-01 9.025101636363637159e-01 4.803649272727272268e-01
9.014124727272727622e-01 8.349989272727270651e-01 2.775457279999999360e-01
9.209991481481480946e-01 8.116225740740738992e-01 3.167379635185185172e-01
8.614289615384616017e-01 8.384744038461539040e-01 3.817996732692308104e-01
8.208475666666665838e-01 9.003353666666665811e-01 4.179211666666666769e-01
7.056668999999996528e-01 9.297914333333334724e-01 6.104156666666665787e-01
9.089081538461537546e-01 8.217958076923075339e-01 3.580875388461537967e-01
