i	j	i_id	j_id	r_sco	s_sco	prob
15	106	15_F	106_V	1.8344	3.352	1.000
83	90	83_L	90_V	1.6148	2.951	1.000
11	99	11_V	99_A	1.5286	2.793	1.000
15	102	15_F	102_V	1.4985	2.738	1.000
83	93	83_L	93_A	1.4755	2.697	1.000
25	55	25_S	55_F	1.4622	2.672	1.000
17	66	17_A	66_V	1.4502	2.650	1.000
19	110	19_I	110_I	1.4469	2.644	1.000
79	93	79_T	93_A	1.3408	2.450	1.000
63	72	63_A	72_A	1.2494	2.283	1.000
73	79	73_H	79_T	1.2441	2.274	1.000
11	95	11_V	95_M	1.2208	2.231	1.000
24	58	24_I	58_S	1.2012	2.195	1.000
17	74	17_A	74_L	1.1630	2.125	1.000
80	97	80_L	97_I	1.1408	2.085	1.000
93	97	93_A	97_I	1.1245	2.055	1.000
103	107	103_G	107_A	1.0481	1.915	1.000
66	74	66_V	74_L	1.0038	1.834	1.000
10	92	10_A	92_R	0.9911	1.811	1.000
99	103	99_A	103_G	0.9755	1.783	1.000
62	74	62_L	74_L	0.9458	1.728	0.999
19	107	19_I	107_A	0.9357	1.710	0.999
63	67	63_A	67_G	0.9256	1.692	0.999
18	104	18_M	104_A	0.9040	1.652	0.999
79	100	79_T	100_Q	0.8810	1.610	0.999
13	69	13_A	69_I	0.8693	1.589	0.999
73	96	73_H	96_Y	0.8340	1.524	0.998
21	59	21_F	59_I	0.8092	1.479	0.997
81	85	81_G	85_S	0.7605	1.390	0.994
28	54	28_S	54_A	0.7517	1.374	0.994
26	111	26_I	111_L	0.7433	1.358	0.993
94	98	94_I	98_I	0.7382	1.349	0.993
60	64	60_A	64_Q	0.7319	1.338	0.992
18	22	18_M	22_I	0.7110	1.299	0.989
58	62	58_S	62_L	0.7055	1.289	0.989
27	111	27_G	111_L	0.6908	1.262	0.987
26	108	26_I	108_T	0.6797	1.242	0.985
19	106	19_I	106_V	0.6765	1.236	0.984
62	72	62_L	72_A	0.6609	1.208	0.981
80	93	80_L	93_A	0.6589	1.204	0.980
13	17	13_A	17_A	0.6396	1.169	0.975
101	105	101_C	105_I	0.6162	1.126	0.966
77	81	77_A	81_G	0.6126	1.120	0.965
13	70	13_A	70_S	0.6115	1.118	0.965
90	93	90_V	93_A	0.6032	1.102	0.961
22	104	22_I	104_A	0.6016	1.099	0.960
59	74	59_I	74_L	0.5836	1.066	0.950
29	51	29_A	51_V	0.5721	1.045	0.943
23	110	23_F	110_I	0.5695	1.041	0.941
19	23	19_I	23_F	0.5612	1.026	0.935
7	11	7_F	11_V	0.5551	1.014	0.930
109	112	109_A	112_S	0.5526	1.010	0.928
73	100	73_H	100_Q	0.5341	0.976	0.911
20	62	20_L	62_L	0.5293	0.967	0.906
78	82	78_V	82_L	0.5273	0.964	0.904
73	78	73_H	78_V	0.5258	0.961	0.902
106	109	106_V	109_A	0.5255	0.960	0.902
8	11	8_W	11_V	0.5223	0.954	0.898
14	70	14_E	70_S	0.5200	0.950	0.896
15	99	15_F	99_A	0.5122	0.936	0.886
23	114	23_F	114_I	0.4993	0.912	0.869
79	97	79_T	97_I	0.4952	0.905	0.863
97	101	97_I	101_C	0.4932	0.901	0.860
49	53	49_V	53_L	0.4915	0.898	0.857
11	15	11_V	15_F	0.4841	0.885	0.846
35	41	35_P	41_T	0.4665	0.852	0.814
66	72	66_V	72_A	0.4634	0.847	0.809
46	50	46_Q	50_K	0.4568	0.835	0.796
20	58	20_L	58_S	0.4546	0.831	0.791
47	50	47_D	50_K	0.4525	0.827	0.787
10	70	10_A	70_S	0.4501	0.823	0.782
38	41	38_S	41_T	0.4497	0.822	0.781
29	55	29_A	55_F	0.4475	0.818	0.776
18	21	18_M	21_F	0.4432	0.810	0.766
39	42	39_N	42_T	0.4415	0.807	0.763
14	18	14_E	18_M	0.4386	0.801	0.755
37	41	37_K	41_T	0.4366	0.798	0.751
15	103	15_F	103_G	0.4338	0.793	0.745
29	33	29_A	33_H	0.4325	0.790	0.741
62	66	62_L	66_V	0.4313	0.788	0.738
8	12	8_W	12_V	0.4254	0.778	0.725
79	96	79_T	96_Y	0.4236	0.774	0.719
79	83	79_T	83_L	0.4223	0.772	0.716
53	56	53_L	56_G	0.4202	0.768	0.711
90	94	90_V	94_I	0.4139	0.756	0.694
104	108	104_A	108_T	0.4133	0.755	0.692
31	40	31_G	40_Q	0.4124	0.754	0.691
26	107	26_I	107_A	0.4068	0.743	0.674
51	55	51_V	55_F	0.4037	0.738	0.667
23	111	23_F	111_L	0.4000	0.731	0.656
109	113	109_A	113_G	0.3993	0.730	0.654
15	19	15_F	19_I	0.3928	0.718	0.635
7	10	7_F	10_A	0.3912	0.715	0.631
67	72	67_G	72_A	0.3853	0.704	0.613
26	29	26_I	29_A	0.3835	0.701	0.608
28	58	28_S	58_S	0.3790	0.693	0.595
82	88	82_L	88_I	0.3727	0.681	0.575
39	43	39_N	43_G	0.3718	0.679	0.571
7	95	7_F	95_M	0.3714	0.679	0.571
89	92	89_S	92_R	0.3701	0.676	0.566
57	60	57_L	60_A	0.3676	0.672	0.560
9	13	9_R	13_A	0.3641	0.665	0.548
23	27	23_F	27_G	0.3639	0.665	0.548
80	84	80_L	84_L	0.3613	0.660	0.539
31	111	31_G	111_L	0.3606	0.659	0.538
70	96	70_S	96_Y	0.3594	0.657	0.534
35	46	35_P	46_Q	0.3592	0.656	0.532
95	99	95_M	99_A	0.3591	0.656	0.532
71	96	71_G	96_Y	0.3584	0.655	0.531
104	107	104_A	107_A	0.3577	0.654	0.529
83	88	83_L	88_I	0.3566	0.652	0.526
36	41	36_I	41_T	0.3557	0.650	0.522
76	104	76_P	104_A	0.3538	0.646	0.515
79	88	79_T	88_I	0.3501	0.640	0.505
38	42	38_S	42_T	0.3499	0.640	0.505
21	74	21_F	74_L	0.3481	0.636	0.498
62	65	62_L	65_S	0.3432	0.627	0.483
65	68	65_S	68_H	0.3431	0.627	0.483
40	43	40_Q	43_G	0.3425	0.626	0.481
31	34	31_G	34_Y	0.3389	0.619	0.469
37	40	37_K	40_Q	0.3354	0.613	0.459
82	85	82_L	85_S	0.3337	0.610	0.454
71	82	71_G	82_L	0.3316	0.606	0.447
9	12	9_R	12_V	0.3270	0.598	0.433
17	62	17_A	62_L	0.3266	0.597	0.432
91	94	91_L	94_I	0.3253	0.595	0.428
108	112	108_T	112_S	0.3252	0.594	0.427
24	31	24_I	31_G	0.3247	0.593	0.425
73	88	73_H	88_I	0.3245	0.593	0.425
12	15	12_V	15_F	0.3243	0.593	0.425
88	93	88_I	93_A	0.3231	0.591	0.422
21	25	21_F	25_S	0.3226	0.589	0.418
7	92	7_F	92_R	0.3222	0.589	0.418
22	26	22_I	26_I	0.3210	0.587	0.415
106	110	106_V	110_I	0.3204	0.586	0.413
13	66	13_A	66_V	0.3182	0.581	0.405
105	109	105_I	109_A	0.3178	0.581	0.405
6	9	6_L	9_R	0.3146	0.575	0.395
32	48	32_F	48_N	0.3103	0.567	0.382
17	21	17_A	21_F	0.3102	0.567	0.382
29	54	29_A	54_A	0.3097	0.566	0.380
17	72	17_A	72_A	0.3084	0.564	0.377
28	51	28_S	51_V	0.3080	0.563	0.375
78	100	78_V	100_Q	0.3053	0.558	0.367
102	106	102_V	106_V	0.3028	0.553	0.360
48	51	48_N	51_V	0.2999	0.548	0.352
30	33	30_L	33_H	0.2994	0.547	0.350
23	107	23_F	107_A	0.2989	0.546	0.349
48	52	48_N	52_S	0.2983	0.545	0.347
76	97	76_P	97_I	0.2970	0.543	0.344
98	102	98_I	102_V	0.2935	0.536	0.333
32	50	32_F	50_K	0.2921	0.534	0.330
49	52	49_V	52_S	0.2918	0.533	0.329
33	37	33_H	37_K	0.2887	0.528	0.321
83	89	83_L	89_S	0.2883	0.527	0.319
70	73	70_S	73_H	0.2875	0.525	0.317
52	56	52_S	56_G	0.2867	0.524	0.315
21	62	21_F	62_L	0.2857	0.522	0.312
94	97	94_I	97_I	0.2810	0.513	0.299
36	44	36_I	44_A	0.2771	0.506	0.289
55	64	55_F	64_Q	0.2769	0.506	0.289
11	98	11_V	98_I	0.2734	0.500	0.281
56	61	56_G	61_T	0.2729	0.499	0.279
20	61	20_L	61_T	0.2725	0.498	0.278
25	111	25_S	111_L	0.2724	0.498	0.278
29	53	29_A	53_L	0.2702	0.494	0.272
63	74	63_A	74_L	0.2675	0.489	0.266
