i	j	i_id	j_id	r_sco	s_sco	prob
102	106	102_N	106_G	2.9339	2.980	1.000
63	120	63_F	120_A	2.8212	2.866	1.000
91	171	91_F	171_W	2.7048	2.747	1.000
82	117	82_G	117_C	2.6668	2.709	1.000
72	131	72_L	131_K	2.6563	2.698	1.000
89	110	89_P	110_G	2.6197	2.661	1.000
55	112	55_F	112_I	2.5041	2.544	1.000
133	139	133_S	139_E	2.4162	2.454	1.000
103	106	103_I	106_G	2.0780	2.111	1.000
86	110	86_M	110_G	2.0533	2.086	1.000
79	120	79_I	120_A	1.9888	2.020	1.000
59	116	59_F	116_F	1.9834	2.015	1.000
73	77	73_R	77_L	1.9831	2.014	1.000
44	104	44_D	104_L	1.9448	1.975	1.000
71	74	71_G	74_K	1.9261	1.956	1.000
84	177	84_L	177_A	1.8751	1.905	1.000
105	109	105_V	109_V	1.8388	1.868	1.000
67	124	67_S	124_A	1.8070	1.835	1.000
135	138	135_R	138_F	1.8052	1.834	1.000
86	113	86_M	113_Y	1.7877	1.816	1.000
104	108	104_L	108_I	1.7207	1.748	1.000
13	146	13_G	146_F	1.7131	1.740	0.999
41	44	41_S	44_D	1.6812	1.708	0.999
65	69	65_L	69_K	1.6551	1.681	0.999
86	117	86_M	117_C	1.6337	1.659	0.999
77	185	77_L	185_F	1.6157	1.641	0.999
64	68	64_G	68_D	1.6151	1.640	0.999
40	104	40_I	104_L	1.6141	1.639	0.999
17	150	17_F	150_G	1.6134	1.639	0.999
20	147	20_F	147_G	1.5642	1.589	0.999
74	78	74_K	78_W	1.5442	1.568	0.998
51	112	51_A	112_I	1.5412	1.566	0.998
62	65	62_L	65_L	1.5273	1.551	0.998
105	108	105_V	108_I	1.5103	1.534	0.998
25	158	25_A	158_V	1.4906	1.514	0.998
77	181	77_L	181_A	1.4879	1.511	0.998
72	127	72_L	127_A	1.4750	1.498	0.997
106	110	106_G	110_G	1.4589	1.482	0.997
21	154	21_F	154_G	1.4535	1.476	0.997
182	186	182_V	186_F	1.4440	1.467	0.997
90	110	90_F	110_G	1.4292	1.452	0.996
81	181	81_T	181_A	1.4256	1.448	0.996
91	174	91_F	174_S	1.4206	1.443	0.996
66	70	66_L	70_L	1.4050	1.427	0.996
88	174	88_A	174_S	1.3962	1.418	0.995
7	11	7_T	11_M	1.3636	1.385	0.994
101	106	101_Y	106_G	1.3501	1.371	0.994
11	186	11_M	186_F	1.3341	1.355	0.993
40	44	40_I	44_D	1.3330	1.354	0.993
84	174	84_L	174_S	1.3278	1.349	0.993
84	181	84_L	181_A	1.3210	1.342	0.992
70	74	70_L	74_K	1.3050	1.326	0.991
86	114	86_M	114_L	1.2930	1.313	0.990
130	136	130_E	136_S	1.2491	1.269	0.987
70	75	70_L	75_Y	1.2414	1.261	0.986
51	108	51_A	108_I	1.2228	1.242	0.985
168	171	168_F	171_W	1.2151	1.234	0.984
52	115	52_I	115_G	1.2066	1.226	0.983
55	59	55_F	59_F	1.2010	1.220	0.982
32	35	32_I	35_H	1.2007	1.220	0.982
84	178	84_L	178_L	1.1998	1.219	0.982
171	175	171_W	175_G	1.1929	1.212	0.981
47	51	47_I	51_A	1.1833	1.202	0.980
44	108	44_D	108_I	1.1444	1.162	0.974
71	75	71_G	75_Y	1.1435	1.162	0.974
138	142	138_F	142_R	1.1409	1.159	0.973
74	77	74_K	77_L	1.1340	1.152	0.972
34	40	34_L	40_I	1.1304	1.148	0.971
130	140	130_E	140_F	1.1208	1.138	0.969
59	62	59_F	62_L	1.1073	1.125	0.966
48	107	48_I	107_S	1.0980	1.115	0.964
175	179	175_G	179_I	1.0962	1.113	0.963
34	45	34_L	45_T	1.0889	1.106	0.962
78	82	78_W	82_G	1.0735	1.090	0.957
90	107	90_F	107_S	1.0662	1.083	0.955
43	47	43_S	47_I	1.0632	1.080	0.954
29	162	29_F	162_F	1.0474	1.064	0.949
129	143	129_I	143_A	1.0468	1.063	0.949
59	119	59_F	119_N	1.0444	1.061	0.948
101	110	101_Y	110_G	1.0347	1.051	0.945
80	180	80_I	180_L	1.0343	1.051	0.945
167	171	167_Q	171_W	1.0266	1.043	0.942
126	140	126_E	140_F	1.0214	1.038	0.940
83	177	83_M	177_A	1.0161	1.032	0.938
165	168	165_N	168_F	1.0129	1.029	0.937
156	160	156_S	160_I	1.0128	1.029	0.937
89	106	89_P	106_G	1.0062	1.022	0.934
16	147	16_F	147_G	1.0021	1.018	0.932
67	72	67_S	72_L	1.0019	1.018	0.932
19	121	19_Y	121_G	0.9992	1.015	0.931
58	62	58_L	62_L	0.9981	1.014	0.930
55	115	55_F	115_G	0.9949	1.011	0.929
91	100	91_F	100_Q	0.9912	1.007	0.927
58	61	58_L	61_P	0.9809	0.996	0.922
24	151	24_G	151_W	0.9802	0.996	0.922
66	75	66_L	75_Y	0.9802	0.996	0.922
75	78	75_Y	78_W	0.9540	0.969	0.907
68	72	68_D	72_L	0.9519	0.967	0.906
160	164	160_I	164_I	0.9278	0.942	0.890
120	124	120_A	124_A	0.9268	0.941	0.890
162	169	162_F	169_V	0.9248	0.939	0.888
173	176	173_G	176_C	0.9121	0.926	0.879
46	50	46_G	50_A	0.9071	0.921	0.875
87	173	87_F	173_G	0.8979	0.912	0.869
109	112	109_V	112_I	0.8929	0.907	0.865
161	168	161_M	168_F	0.8921	0.906	0.864
164	168	164_I	168_F	0.8864	0.900	0.859
77	81	77_L	81_T	0.8830	0.897	0.856
44	47	44_D	47_I	0.8774	0.891	0.851
81	85	81_T	85_V	0.8733	0.887	0.848
144	148	144_R	148_C	0.8729	0.887	0.848
47	108	47_I	108_I	0.8696	0.883	0.844
82	86	82_G	86_M	0.8685	0.882	0.843
22	25	22_I	25_A	0.8662	0.880	0.841
59	63	59_F	63_F	0.8626	0.876	0.838
148	151	148_C	151_W	0.8530	0.866	0.828
79	117	79_I	117_C	0.8527	0.866	0.828
123	127	123_P	127_A	0.8481	0.861	0.823
47	50	47_I	50_A	0.8440	0.857	0.819
137	141	137_N	141_G	0.8429	0.856	0.818
32	37	32_I	37_I	0.8380	0.851	0.813
52	118	52_I	118_F	0.8376	0.851	0.813
22	173	22_I	173_G	0.8362	0.849	0.811
8	11	8_N	11_M	0.8360	0.849	0.811
85	89	85_V	89_P	0.8347	0.848	0.810
78	81	78_W	81_T	0.8321	0.845	0.807
182	185	182_V	185_F	0.8316	0.845	0.807
153	156	153_L	156_S	0.8278	0.841	0.802
174	178	174_S	178_L	0.8238	0.837	0.798
181	185	181_A	185_F	0.8161	0.829	0.789
17	146	17_F	146_F	0.8108	0.824	0.783
83	117	83_M	117_C	0.8103	0.823	0.782
29	169	29_F	169_V	0.8087	0.821	0.780
76	184	76_L	184_L	0.8073	0.820	0.778
15	76	15_F	76_L	0.8068	0.820	0.778
178	182	178_L	182_V	0.8065	0.819	0.777
102	105	102_N	105_V	0.8043	0.817	0.775
6	10	6_N	10_W	0.8008	0.813	0.770
159	163	159_G	163_T	0.7994	0.812	0.769
160	163	160_I	163_T	0.7980	0.811	0.768
48	108	48_I	108_I	0.7928	0.805	0.760
13	142	13_G	142_R	0.7916	0.804	0.759
106	109	106_G	109_V	0.7867	0.799	0.752
136	140	136_S	140_F	0.7867	0.799	0.752
18	176	18_F	176_C	0.7864	0.799	0.752
91	167	91_F	167_Q	0.7845	0.797	0.750
31	35	31_P	35_H	0.7836	0.796	0.749
150	154	150_G	154_G	0.7822	0.795	0.747
51	55	51_A	55_F	0.7822	0.794	0.746
61	65	61_P	65_L	0.7819	0.794	0.746
67	127	67_S	127_A	0.7813	0.794	0.746
33	166	33_W	166_N	0.7768	0.789	0.739
111	115	111_G	115_G	0.7747	0.787	0.737
157	160	157_I	160_I	0.7741	0.786	0.735
125	143	125_V	143_A	0.7702	0.782	0.730
109	113	109_V	113_Y	0.7613	0.773	0.718
88	100	88_A	100_Q	0.7582	0.770	0.714
60	119	60_Q	119_N	0.7547	0.767	0.709
162	166	162_F	166_N	0.7540	0.766	0.708
32	162	32_I	162_F	0.7521	0.764	0.705
149	153	149_V	153_L	0.7453	0.757	0.695
50	54	50_A	54_L	0.7399	0.752	0.688
126	143	126_E	143_A	0.7398	0.751	0.686
121	125	121_G	125_V	0.7378	0.749	0.683
10	14	10_W	14_L	0.7297	0.741	0.671
80	181	80_I	181_A	0.7275	0.739	0.668
25	173	25_A	173_G	0.7270	0.738	0.667
16	143	16_F	143_A	0.7208	0.732	0.657
90	170	90_F	170_F	0.7139	0.725	0.647
128	132	128_F	132_V	0.7136	0.725	0.647
158	169	158_V	169_V	0.7134	0.725	0.647
16	125	16_F	125_V	0.7114	0.723	0.643
140	144	140_F	144_R	0.7109	0.722	0.642
52	111	52_I	111_G	0.7081	0.719	0.637
55	58	55_F	58_L	0.7047	0.716	0.632
90	114	90_F	114_L	0.7046	0.716	0.632
100	171	100_Q	171_W	0.7032	0.714	0.629
76	125	76_L	125_V	0.7024	0.713	0.627
87	114	87_F	114_L	0.6975	0.708	0.619
171	174	171_W	174_S	0.6958	0.707	0.618
35	42	35_H	42_K	0.6912	0.702	0.610
84	88	84_L	88_A	0.6907	0.702	0.610
9	13	9_F	13_G	0.6890	0.700	0.606
125	128	125_V	128_F	0.6885	0.699	0.605
44	105	44_D	105_V	0.6884	0.699	0.605
48	104	48_I	104_L	0.6877	0.699	0.605
17	153	17_F	153_L	0.6859	0.697	0.601
153	157	153_L	157_I	0.6850	0.696	0.600
148	152	148_C	152_A	0.6836	0.694	0.596
6	135	6_N	135_R	0.6816	0.692	0.593
22	177	22_I	177_A	0.6798	0.690	0.590
46	49	46_G	49_F	0.6773	0.688	0.587
154	158	154_G	158_V	0.6748	0.685	0.582
127	131	127_A	131_K	0.6745	0.685	0.582
68	127	68_D	127_A	0.6714	0.682	0.576
168	172	168_F	172_L	0.6682	0.679	0.571
13	143	13_G	143_A	0.6675	0.678	0.570
67	123	67_S	123_P	0.6667	0.677	0.568
111	114	111_G	114_L	0.6658	0.676	0.566
145	149	145_M	149_V	0.6637	0.674	0.563
10	13	10_W	13_G	0.6600	0.670	0.556
83	118	83_M	118_F	0.6579	0.668	0.553
142	146	142_R	146_F	0.6553	0.666	0.549
15	180	15_F	180_L	0.6553	0.666	0.549
141	145	141_G	145_M	0.6545	0.665	0.548
147	151	147_G	151_W	0.6524	0.663	0.544
16	122	16_F	122_A	0.6517	0.662	0.543
175	178	175_G	178_L	0.6515	0.662	0.543
183	187	183_L	187_A	0.6452	0.655	0.531
77	184	77_L	184_L	0.6449	0.655	0.531
54	58	54_L	58_L	0.6432	0.653	0.527
140	143	140_F	143_A	0.6417	0.652	0.526
24	27	24_G	27_F	0.6414	0.651	0.524
88	171	88_A	171_W	0.6413	0.651	0.524
56	119	56_S	119_N	0.6408	0.651	0.524
25	169	25_A	169_V	0.6402	0.650	0.522
33	38	33_W	38_N	0.6401	0.650	0.522
34	42	34_L	42_K	0.6396	0.650	0.522
108	112	108_I	112_I	0.6388	0.649	0.520
172	175	172_L	175_G	0.6380	0.648	0.519
79	124	79_I	124_A	0.6378	0.648	0.519
126	144	126_E	144_R	0.6366	0.647	0.517
127	130	127_A	130_E	0.6313	0.641	0.507
50	53	50_A	53_S	0.6304	0.640	0.505
176	179	176_C	179_I	0.6272	0.637	0.500
8	132	8_N	132_V	0.6267	0.637	0.500
145	148	145_M	148_C	0.6263	0.636	0.498
48	111	48_I	111_G	0.6245	0.634	0.495
77	80	77_L	80_I	0.6234	0.633	0.493
83	114	83_M	114_L	0.6217	0.632	0.491
15	121	15_F	121_G	0.6207	0.630	0.488
173	177	173_G	177_A	0.6178	0.628	0.484
23	56	23_M	56_S	0.6169	0.627	0.483
52	56	52_I	56_S	0.6158	0.626	0.481
89	100	89_P	100_Q	0.6134	0.623	0.476
8	188	8_N	188_K	0.6121	0.622	0.474
37	167	37_I	167_Q	0.6102	0.620	0.471
20	23	20_F	23_M	0.6088	0.618	0.467
9	139	9_F	139_E	0.6068	0.616	0.464
138	141	138_F	141_G	0.6065	0.616	0.464
56	60	56_S	60_Q	0.6064	0.616	0.464
144	147	144_R	147_G	0.6031	0.613	0.459
81	84	81_T	84_L	0.6021	0.612	0.457
37	166	37_I	166_N	0.6014	0.611	0.455
33	37	33_W	37_I	0.5965	0.606	0.447
142	145	142_R	145_M	0.5960	0.605	0.445
14	180	14_L	180_L	0.5951	0.604	0.443
60	123	60_Q	123_P	0.5946	0.604	0.443
72	75	72_L	75_Y	0.5929	0.602	0.440
126	130	126_E	130_E	0.5916	0.601	0.438
176	180	176_C	180_L	0.5906	0.600	0.437
152	155	152_A	155_A	0.5865	0.596	0.430
18	22	18_F	22_I	0.5844	0.594	0.427
129	132	129_I	132_V	0.5836	0.593	0.425
23	118	23_M	118_F	0.5799	0.589	0.418
91	110	91_F	110_G	0.5786	0.588	0.417
115	119	115_G	119_N	0.5770	0.586	0.413
7	10	7_T	10_W	0.5766	0.586	0.413
21	157	21_F	157_I	0.5758	0.585	0.412
143	146	143_A	146_F	0.5752	0.584	0.410
152	156	152_A	156_S	0.5745	0.584	0.410
22	176	22_I	176_C	0.5744	0.583	0.408
80	121	80_I	121_G	0.5725	0.581	0.405
16	20	16_F	20_F	0.5702	0.579	0.402
11	183	11_M	183_L	0.5690	0.578	0.400
16	144	16_F	144_R	0.5688	0.578	0.400
